1 2 2
55 4 13.3983
113 4 13.3983
3 4 1
131 2 11.5799
5 6 1
178 2 10.106
7 8 1
31 2 13.4626
9 10 1
178 2 10.224
11 12 1
146 1 10.3518
13 14 1
42 1 8.31474
15 16 1
41 3 14.4781
17 18 1
48 4 13.3983
19 20 1
178 1 10.3518
21 22 1
189 2 13.4626
23 24 1
178 1 10.3518
25 26 2
11 1 9.50449
84 1 9.50449
27 28 1
178 1 10.3518
29 30 1
178 1 10.3518
31 32 1
11 2 9.91961
33 34 1
190 1 9.84098
35 36 2
120 3 13.4936
11 3 13.4936
25 37 1
11 2 14.6353
38 2 2
95 3 12.0653
94 5 14.2802
39 40 1
6 2 11.1235
41 42 1
1 2 11.3023
43 44 1
136 5 14.4469
45 46 2
185 4 16.3476
47 7 18.9651
47 48 1
91 1 10.3518
49 50 6
155 4 11.2213
15 4 11.2213
32 3 10.1335
27 3 10.1335
73 3 10.1335
54 3 10.1335
51 52 1
104 2 12.6497
53 54 1
42 1 8.50583
55 56 1
181 2 9.87038
57 58 1
204 2 14.6353
59 60 1
168 2 11.3023
61 62 1
177 1 9.84098
63 64 1
104 5 11.0129
65 66 1
177 1 9.84098
67 68 1
177 1 10.3518
69 52 1
180 1 10.3518
34 70 1
177 1 10.3518
71 72 1
177 1 10.3518
73 74 1
177 1 10.3518
75 11 1
177 1 10.3518
76 59 1
168 1 10.3518
77 78 1
184 2 13.4626
79 80 1
74 1 10.3518
81 82 1
9 4 10.5408
83 84 1
85 4 10.7098
85 86 1
23 1 10.3518
22 2 1
66 2 12.0207
87 15 1
10 4 12.4002
88 89 1
153 3 18.3798
90 91 1
157 1 10.3518
92 93 1
168 3 12.6633
94 41 1
2 1 10.3518
95 96 1
75 5 12.021
97 98 1
175 1 10.3518
99 77 1
175 1 10.3518
100 101 1
175 1 10.3518
102 103 1
175 1 10.3518
76 104 1
121 3 14.9245
101 105 1
175 1 10.3518
106 107 1
175 1 10.3518
108 109 3
175 2 12.2415
170 2 12.2415
124 2 12.2415
110 111 3
175 3 14.0172
156 2 11.7409
142 2 11.7409
112 113 1
23 1 10.3518
114 115 6
116 5 11.1632
203 6 11.7002
96 8 12.4487
35 3 9.43179
185 7 12.1165
79 5 11.1632
116 110 1
83 2 10.5677
117 118 1
20 2 14.6353
119 37 1
154 3 9.56013
114 120 1
47 2 12.6497
121 122 1
111 1 10.3518
123 124 1
28 3 10.3787
25 125 1
161 3 11.4431
126 67 1
167 1 9.84098
85 127 2
103 3 11.3729
23 3 11.3729
128 129 4
51 5 12.1051
82 6 12.6874
59 5 12.1051
83 14 14.7088
130 131 1
16 2 13.2142
132 133 1
16 2 13.7611
130 134 1
16 2 14.1349
135 136 1
99 2 10.6471
137 138 1
16 2 15.395
139 140 1
16 3 17.4728
134 139 1
16 3 18.3798
141 142 1
191 3 13.825
143 144 2
131 2 10.5677
78 2 10.5677
145 146 1
36 1 9.84098
147 148 1
99 2 11.4347
149 150 1
36 1 9.84098
151 32 1
123 3 12.8637
118 152 1
81 1 10.3518
153 154 1
81 2 10.6068
155 156 1
2 8 11.4337
157 50 1
36 2 12.0207
158 118 1
81 6 20.3804
159 151 1
43 2 12.8151
160 161 1
118 2 14.6353
162 63 1
69 3 12.8637
163 164 1
2 2 11.5055
165 166 1
19 2 13.2142
167 168 1
19 2 14.6353
169 107 1
19 3 14.9245
170 171 1
19 6 19.2551
172 173 27
61 8 12.1246
183 7 11.801
155 7 11.801
7 5 10.8726
36 4 10.1723
56 10 12.6085
144 8 12.1246
14 9 12.3887
174 21 13.7593
112 9 12.3887
145 7 11.801
15 7 11.801
135 10 12.6085
179 5 10.8726
47 15 13.3173
33 9 12.3887
32 6 11.3955
17 5 10.8726
74 7 11.801
205 8 12.1246
172 7 11.801
159 4 10.1723
102 4 10.1723
27 7 11.801
73 7 11.801
54 6 11.3955
165 6 11.3955
136 15 1
36 3 10.5152
174 175 1
49 1 10.3518
176 125 1
113 2 11.367
177 178 1
6 1 9.50449
179 180 1
168 2 10.319
181 182 1
98 1 9.50449
183 184 1
109 2 10.255
185 85 1
98 1 9.84098
114 186 1
88 5 13.4336
177 187 1
8 4 10.9713
188 189 1
116 2 11.4347
190 73 1
157 1 10.3518
11 191 1
70 2 11.0684
192 193 1
207 1 10.3518
21 194 1
201 2 13.0013
195 196 1
207 1 10.3518
197 189 1
207 2 10.7309
198 199 1
127 1 10.3518
49 200 1
207 2 13.2142
201 202 1
127 1 10.3518
203 204 1
127 1 10.3518
205 206 1
127 1 10.3518
207 208 1
127 1 10.3518
209 210 1
127 1 10.3518
208 156 1
127 9 12.3979
204 110 1
51 2 10.7309
211 87 1
16 3 15.1022
212 213 1
59 2 11.7409
170 214 9
131 2 10.7747
189 4 14.2445
142 4 14.2445
19 4 14.2445
43 9 17.3483
124 5 15.2251
140 3 12.8637
147 2 10.7747
125 3 12.8637
215 216 1
122 3 15.1022
217 218 1
51 3 16.0727
219 96 1
147 1 10.3518
136 220 1
194 5 12.1051
221 222 1
113 2 11.367
55 223 1
99 2 10.9143
176 224 1
177 1 10.3518
225 226 2
9 6 13.7177
154 2 9.26237
145 227 1
96 7 12.459
228 229 1
52 2 11.1808
230 2 1
98 2 11.4347
11 231 1
123 1 10.3518
26 232 2
9 9 12.2819
154 7 11.6992
141 233 1
39 1 10.3518
234 235 1
0 1 8.88539
236 237 1
206 2 10.6068
103 238 1
80 1 9.84098
239 36 1
158 2 12.2415
240 241 1
192 2 15.395
56 242 1
111 3 10.8074
243 244 1
29 2 11.7409
126 56 1
196 2 10.456
245 93 1
69 4 10.7898
246 247 1
141 5 11.0301
80 248 2
63 7 17.7602
179 3 13.825
249 36 1
26 2 15.395
250 251 1
125 2 11.9215
252 253 1
22 3 14.3512
254 35 1
183 2 13.7611
255 256 1
200 1 9.25316
257 258 1
200 1 9.50449
259 256 1
200 1 9.50449
142 260 9
77 4 11.7906
139 16 15.5452
127 4 11.7906
26 10 14.6144
126 13 15.1735
168 3 10.6477
31 4 11.7906
204 8 14.0535
44 3 10.6477
261 151 1
200 1 9.84098
262 263 1
200 1 9.84098
6 264 1
200 1 9.84098
265 266 1
200 1 10.3518
267 268 1
24 4 14.7057
269 270 1
200 1 10.3518
271 258 1
200 2 10.6884
272 273 1
187 1 10.3518
274 275 1
95 6 9.61499
276 277 1
4 2 13.0013
278 267 1
24 2 10.9639
279 280 1
160 2 13.4626
23 281 1
94 2 13.7611
282 283 1
58 1 9.84098
284 285 3
56 3 13.2143
144 2 11.0684
205 4 14.6328
232 286 1
84 2 12.6497
287 288 1
69 1 10.3518
289 156 1
6 2 9.10939
74 290 1
167 2 11.6582
2 51 2
106 2 11.0684
108 2 11.0684
291 213 1
94 5 15.1633
51 292 1
143 5 15.1633
293 294 1
148 1 10.3518
295 286 1
148 2 15.395
296 297 5
28 8 13.499
192 4 11.3254
184 10 14.0378
186 5 12.1051
93 9 13.7931
179 298 1
186 3 10.7743
248 156 2
63 7 17.148
179 3 13.3485
299 300 1
37 2 13.7611
301 302 1
119 2 11.3023
303 304 2
157 2 11.9215
166 4 15.7606
305 306 1
191 5 17.8746
307 308 1
22 4 17.4696
309 123 1
171 1 8.74227
310 50 1
155 2 12.0207
311 46 2
152 2 14.6353
26 2 14.6353
42 296 3
11 5 10.7037
29 15 13.1104
143 32 13.9432
254 312 5
160 2 12.6497
96 4 16.7233
27 4 16.7233
73 4 16.7233
54 2 12.6497
313 314 1
70 1 10.3518
315 316 1
173 2 12.8151
317 318 1
119 2 10.5295
319 320 1
168 1 9.84098
321 107 1
195 1 10.3518
322 323 1
2 1 10.3518
324 325 1
186 2 13.4626
326 327 1
50 2 10.9143
18 328 1
48 4 16.0323
116 136 1
25 2 11.0684
212 241 1
25 2 11.6582
329 114 4
155 3 11.039
185 4 12.224
99 3 11.039
33 4 12.224
205 156 5
197 16 12.7449
136 8 11.5219
118 10 11.9818
31 23 13.1704
204 21 13.0754
330 50 1
41 2 13.7611
331 200 1
25 2 15.395
36 332 1
173 4 11.0052
173 333 1
165 1 10.3518
334 335 1
197 8 18.6388
220 336 1
72 2 11.7409
337 338 1
133 1 10.3518
339 25 11
111 29 10.6429
5 10 9.52956
120 14 9.98506
146 23 10.4749
100 16 10.1365
150 22 10.4387
50 12 9.79008
110 13 9.89412
154 9 9.36345
138 27 10.5946
114 22 10.4387
50 174 1
116 14 10.3867
314 294 2
70 5 9.93717
196 8 11.0814
2 63 1
125 2 12.0207
340 341 1
91 1 10.3518
342 343 1
153 2 13.4626
99 153 1
124 2 11.5799
344 345 1
91 1 10.3518
317 57 1
65 2 12.0207
346 174 1
36 2 13.2142
347 348 1
91 2 14.6353
25 349 1
193 1 9.25316
25 35 2
120 2 13.0013
11 3 15.522
56 218 3
82 3 13.6516
59 4 15.117
25 6 16.9349
25 82 1
11 1 9.84098
350 329 1
0 1 9.84098
351 352 1
190 1 9.84098
353 354 1
82 4 12.8951
79 355 1
113 3 11.1368
356 357 1
177 3 14.6148
90 358 1
89 2 14.1349
359 236 1
112 2 14.1349
360 361 1
160 8 21.6842
283 118 1
201 3 13.825
362 230 1
99 2 13.0013
363 147 1
99 2 14.1349
364 322 1
80 1 9.84098
360 365 1
53 1 9.05246
366 367 1
53 1 9.50449
366 368 1
53 1 9.50449
369 156 9
92 5 10.8252
106 5 10.8252
101 6 11.3459
108 5 10.8252
16 12 12.8967
162 31 14.076
38 31 14.076
147 8 12.0717
125 5 10.8252
370 318 1
53 1 10.3518
371 372 1
53 1 10.3518
373 374 1
53 2 13.4626
375 376 2
148 7 13.6982
29 4 11.8076
187 186 1
126 2 10.6471
377 318 1
177 2 12.5008
378 379 1
8 5 11.2378
380 191 1
70 2 12.2415
195 43 1
166 6 10.7714
381 382 2
38 6 12.3413
78 6 12.3413
383 156 1
121 4 12.7801
384 385 1
149 1 10.3518
386 387 1
174 2 12.0207
388 389 1
65 1 10.3518
77 9 1
171 1 7.15924
281 57 1
21 1 10.3518
390 391 1
66 1 10.3518
386 392 1
6 1 9.50449
114 393 1
88 3 12.4832
153 230 1
128 2 11.7409
238 202 1
43 5 11.4367
394 229 1
101 2 12.6497
395 396 1
35 1 9.84098
25 397 1
12 1 10.3518
398 188 1
19 2 13.0013
399 400 1
0 1 8.74227
401 402 2
106 1 9.84098
108 1 9.84098
2 401 2
106 2 10.5295
108 2 10.5295
403 404 2
106 3 17.4728
108 3 17.4728
58 405 3
139 5 15.3546
152 9 17.4958
204 9 17.4958
406 407 1
140 1 9.50449
408 409 1
48 1 10.3518
228 232 2
196 12 12.302
52 8 11.515
239 410 1
146 2 11.4347
411 412 1
129 2 14.6353
413 414 1
100 3 10.3142
359 415 1
112 3 14.1217
89 416 1
153 2 10.255
151 417 1
66 2 11.5799
418 419 1
153 1 10.3518
420 111 1
58 5 12.4288
421 422 1
133 2 15.395
56 238 1
134 3 12.0653
423 218 1
83 2 14.6353
151 424 1
66 2 12.8151
425 426 1
195 6 11.5879
21 187 1
100 3 10.1799
427 428 1
134 3 13.4195
429 430 1
134 3 14.3512
194 431 10
202 6 16.1643
67 7 16.7394
201 10 17.8848
157 7 16.7394
89 12 18.3738
68 8 17.1984
4 11 18.1483
86 12 18.3738
117 11 18.1483
166 7 16.7394
312 36 1
150 2 9.13876
432 169 1
87 1 9.84098
317 183 1
149 1 10.3518
114 312 4
160 3 12.0318
181 2 10.0779
164 14 17.3035
71 3 12.0318
369 110 1
38 2 14.6353
72 433 1
56 2 11.5799
434 435 1
40 1 10.3518
394 436 2
14 4 15.309
164 6 17.15
282 153 1
46 3 12.8637
300 437 1
53 3 14.6148
84 438 1
139 2 14.1349
46 195 1
43 2 12.8151
246 114 1
141 2 10.9143
230 15 1
41 2 10.9143
439 440 1
32 2 11.7409
441 15 1
63 2 14.6353
442 104 1
26 7 14.4397
87 443 1
186 2 12.3655
444 445 1
67 1 10.3518
285 446 1
195 2 12.8151
447 448 1
37 5 14.5355
449 450 1
134 1 10.3518
451 58 1
152 2 14.6353
174 452 4
61 2 12.3655
112 2 12.3655
135 2 12.3655
172 2 12.3655
21 453 1
146 1 10.3518
454 410 1
159 4 12.2666
110 455 1
176 2 13.2142
456 16 1
10 2 13.0013
160 246 1
87 7 9.8838
457 156 1
20 3 14.9245
242 458 1
32 2 12.0207
299 459 1
161 3 15.1022
460 156 1
118 8 12.6291
461 462 1
133 1 10.3518
390 281 1
66 2 13.7611
439 463 1
194 2 12.5008
11 144 1
55 2 12.2415
464 186 1
207 2 13.7611
84 465 2
58 4 11.9861
64 4 11.9861
114 466 1
35 1 10.3518
361 281 5
92 2 11.0153
106 2 11.0153
108 2 11.0153
162 3 13.1509
147 2 11.0153
467 468 1
113 3 12.0318
469 470 1
141 2 10.3859
471 423 1
40 1 10.3518
76 472 1
185 2 10.3859
173 153 1
81 4 12.698
283 35 2
96 8 15.2328
88 6 14.3169
36 401 1
113 3 12.0653
473 231 1
91 3 14.9245
474 39 1
21 2 10.319
135 37 1
104 1 10.3518
475 476 1
104 1 10.3518
226 117 1
154 1 9.50449
87 317 1
57 8 13.2
343 477 1
104 2 10.3859
478 479 1
104 2 10.5677
465 87 2
64 2 11.5799
104 2 11.5799
52 154 1
104 2 13.7611
480 481 1
5 1 9.50449
482 447 1
186 1 10.3518
25 38 2
161 3 13.2801
138 4 14.7057
346 483 1
113 3 16.8753
484 485 1
157 2 13.2142
486 156 1
162 4 19.3484
487 156 1
162 4 20.3528
241 488 1
34 2 14.1349
369 489 1
162 19 21.4978
490 491 1
176 1 10.3518
492 493 1
176 2 13.2142
494 144 5
90 5 15.1032
59 2 10.6884
25 16 18.6301
24 2 10.6884
176 4 14.1305
448 495 2
37 2 14.6353
97 1 9.84098
400 150 1
64 2 11.8285
496 205 1
197 2 13.7611
339 497 2
187 5 10.8487
128 9 12.3616
498 241 1
186 1 10.3518
499 156 2
188 12 10.7267
190 14 10.9403
500 501 1
159 1 10.3518
322 300 1
74 2 10.9639
502 503 1
19 2 12.6497
504 501 1
1 2 10.456
505 506 1
177 2 12.8151
57 152 1
204 6 16.7389
507 508 1
30 2 15.395
509 2 1
95 1 10.3518
510 451 1
44 2 13.0013
511 512 1
95 1 10.3518
513 202 1
177 2 10.1638
57 514 3
65 14 11.0311
46 15 11.1197
206 7 9.85362
257 515 1
117 1 10.3518
121 516 1
170 2 11.3023
517 518 1
91 1 10.3518
519 520 1
5 1 9.84098
25 241 1
148 3 12.3591
187 247 1
133 5 9.78793
295 32 1
45 3 12.9731
446 521 1
45 3 9.89771
312 339 1
181 3 14.1217
82 522 1
199 2 15.395
404 433 2
106 3 17.4728
108 3 17.4728
11 523 2
150 1 9.25316
114 1 9.25316
21 524 1
194 3 12.7113
150 525 1
186 1 10.3518
240 156 1
186 3 11.1981
526 527 1
186 2 11.367
144 528 2
150 3 9.64528
114 3 9.64528
529 530 2
150 1 9.84098
114 1 9.84098
478 123 2
150 2 10.6884
114 2 10.6884
531 532 1
171 1 8.88539
533 216 2
150 2 14.6353
114 2 14.6353
13 505 1
42 1 8.40573
534 315 2
124 3 11.784
140 2 9.87038
282 339 2
150 3 14.9245
114 3 14.9245
436 154 2
36 5 11.4471
164 7 12.4246
535 316 1
66 1 10.3518
536 537 1
197 2 11.7409
109 538 3
19 8 12.7536
170 6 11.9868
40 4 10.7001
227 2 3
103 3 10.0117
23 3 10.0117
105 4 11.0864
497 151 1
32 2 11.5055
330 312 1
145 2 11.1235
332 539 1
173 3 11.097
540 541 1
191 4 12.1015
146 542 1
185 2 10.7309
378 543 1
18 1 9.50449
544 156 1
20 5 15.4925
53 545 1
163 7 9.97282
416 546 2
113 2 12.5008
38 2 12.5008
63 63 1
74 3 10.6477
414 547 1
174 3 13.5708
548 155 1
2 8 14.199
27 549 1
77 1 10.3518
285 241 1
205 2 14.6353
247 445 1
133 2 9.64601
118 550 1
77 1 10.3518
205 551 1
77 1 10.3518
387 334 1
77 1 10.3518
552 344 1
77 1 10.3518
553 93 1
77 1 10.3518
158 554 1
77 3 15.522
334 158 2
77 4 18.1926
44 5 19.445
434 15 1
17 3 10.9828
63 397 2
5 2 9.84636
15 3 11.7554
542 489 1
16 2 15.395
85 555 1
95 2 11.5055
76 556 3
121 4 13.4763
198 6 15.0968
181 2 10.1936
557 558 1
173 3 12.281
38 559 1
141 1 10.3518
393 16 1
187 2 10.2867
296 560 1
57 8 15.9697
3 561 2
151 2 9.91961
160 3 11.8428
114 346 1
76 2 10.9639
270 84 1
45 2 10.7309
114 459 2
145 3 12.9175
130 2 10.8198
539 562 1
173 1 10.3518
245 184 1
193 2 9.43284
563 564 1
94 3 15.2997
554 26 1
154 4 10.7001
381 565 1
40 1 10.3518
108 273 1
195 3 13.3485
566 567 1
157 3 14.4781
568 96 1
119 2 11.367
44 569 1
100 2 11.0153
2 160 1
92 1 9.05246
570 571 1
142 3 13.0304
242 287 1
111 6 15.4855
572 573 2
96 3 13.5708
102 2 11.367
355 574 1
74 3 12.5265
401 575 1
191 2 13.2142
576 50 1
185 2 11.367
577 95 1
81 1 10.3518
101 517 1
194 1 10.3518
578 579 4
175 3 11.157
189 6 13.8403
132 5 13.2051
140 2 9.34518
580 581 1
194 1 10.3518
446 582 1
51 2 11.1235
583 339 1
111 2 13.0013
482 220 1
144 2 12.127
584 585 1
186 1 10.3518
586 245 1
69 4 10.233
317 152 2
57 9 13.6509
137 4 11.2086
587 588 1
12 2 12.3655
405 205 1
204 3 14.4781
589 130 1
109 2 11.1235
43 114 1
10 5 11.6677
282 590 1
46 3 15.1022
545 39 1
163 7 10.7142
591 114 1
129 1 10.3518
592 593 1
192 1 10.3518
72 578 1
129 1 10.3518
46 497 1
129 1 10.3518
25 562 1
5 2 12.2415
181 562 1
129 1 10.3518
369 554 1
129 2 11.3023
594 153 1
11 2 13.4626
595 596 1
15 7 13.6784
514 396 1
206 2 10.0779
597 426 1
163 1 9.50449
444 114 1
68 5 15.5651
436 169 1
203 2 12.0207
308 598 3
101 2 10.9143
142 3 13.0304
66 2 10.9143
599 191 1
70 2 13.2142
600 2 1
169 3 15.1022
601 452 1
152 2 15.395
602 603 1
9 1 10.3518
300 604 1
134 2 11.0153
437 605 2
11 2 10.319
34 4 13.6421
606 9 2
152 9 17.2093
126 6 15.8297
607 604 1
134 1 10.3518
310 586 1
69 4 10.3768
608 609 1
117 2 13.2142
114 610 5
155 3 11.5924
7 4 12.8367
158 3 11.5924
76 2 9.70985
190 2 9.70985
611 612 2
184 4 16.5265
8 4 16.5265
380 292 1
143 2 12.127
455 613 1
26 3 14.2328
614 615 1
152 2 15.395
616 617 1
139 7 21.1055
578 430 1
162 9 19.9096
426 618 1
167 1 10.3518
619 620 1
178 1 10.3518
621 622 3
67 3 11.9988
201 4 13.2868
166 6 14.8846
87 459 1
151 2 9.97052
136 623 1
153 1 10.3518
220 395 1
102 4 10.4615
24 624 1
78 2 11.4347
423 205 1
81 1 10.3518
625 626 1
133 2 12.0207
627 212 1
69 1 10.3518
152 628 1
165 1 10.3518
451 629 1
185 1 10.3518
174 361 2
164 8 18.9417
71 2 12.0207
175 630 2
56 4 12.2666
71 4 12.2666
631 9 1
74 2 11.0153
179 632 1
28 2 11.4347
206 571 1
12 4 16.7233
633 218 4
51 5 16.9857
59 3 14.3512
25 2 12.0207
83 7 18.4362
499 63 1
76 2 12.8151
50 63 1
32 2 9.99665
135 50 1
32 2 13.2142
88 634 1
93 1 10.3518
135 635 1
32 2 14.1349
636 637 1
93 2 10.1346
638 639 1
20 2 14.6353
640 641 1
85 1 10.3518
428 220 1
134 2 13.7611
232 81 1
9 3 10.3526
436 440 12
155 6 14.4458
7 5 13.7828
14 6 14.4458
49 3 11.6451
188 4 12.8951
47 9 15.7048
33 7 14.9598
32 3 11.6451
27 5 13.7828
164 5 13.7828
73 5 13.7828
54 3 11.6451
360 281 1
155 2 12.2415
532 642 1
57 2 13.7611
36 452 1
113 3 12.2062
398 46 1
52 2 11.2403
154 50 3
155 2 12.5008
14 2 12.5008
164 3 14.9245
174 121 1
155 2 12.8151
643 127 1
184 2 12.6497
644 645 1
202 2 12.5008
2 44 1
55 2 13.0013
646 292 1
194 4 11.7571
315 647 1
0 2 10.8663
178 648 1
6 3 10.5152
649 522 1
184 2 13.0013
129 296 1
90 3 15.1022
650 271 1
179 1 10.3518
651 156 1
40 1 10.3518
183 518 1
65 2 10.4205
308 34 1
179 2 11.5799
232 652 2
9 6 12.0646
154 4 10.7695
10 44 1
191 6 11.8906
653 654 1
49 1 10.3518
655 656 1
163 8 11.4337
49 15 1
71 2 12.0207
425 657 1
24 2 11.5055
658 659 1
45 1 10.3518
173 416 1
56 2 13.7611
151 407 1
101 3 11.9036
660 116 1
60 2 11.7409
661 16 1
179 1 10.3518
662 15 1
22 3 15.7761
136 206 1
65 2 11.3023
173 257 1
33 1 9.84098
234 663 1
95 1 10.3518
664 665 1
95 1 10.3518
666 251 1
95 1 10.3518
466 339 1
161 2 12.3655
200 667 1
95 1 10.3518
427 239 1
95 1 10.3518
668 669 1
161 2 13.7611
670 2 1
95 1 10.3518
114 361 7
158 6 14.3484
185 3 11.5666
174 7 14.859
47 6 14.3484
33 2 9.68826
32 2 9.68826
79 4 12.8082
671 221 1
125 2 13.7611
434 672 1
188 1 10.3518
253 673 1
131 2 11.8285
2 36 1
131 2 14.1349
674 74 2
156 2 10.9639
55 5 15.4925
675 676 2
90 3 14.3512
60 2 12.0207
360 677 1
164 4 17.4696
554 218 2
83 2 10.5677
24 2 10.5677
145 222 7
151 3 14.0172
183 3 14.0172
198 3 14.0172
160 2 11.7409
96 6 17.3884
164 2 11.7409
79 2 11.7409
678 679 1
67 1 10.3518
413 80 1
174 2 11.7409
49 680 1
155 6 10.4423
681 156 2
169 7 14.5808
43 3 11.3501
682 265 1
200 1 10.3518
63 652 1
121 5 13.1812
683 15 1
188 2 10.456
684 501 1
39 1 10.3518
158 601 1
152 2 14.6353
55 430 4
198 4 13.5164
181 2 10.224
164 4 13.5164
71 7 15.6806
550 685 1
152 2 14.6353
686 77 1
185 1 10.3518
401 601 1
152 2 15.395
114 145 10
116 3 11.6185
183 6 14.4128
198 7 14.9257
160 3 11.6185
76 2 9.73175
180 4 12.8657
33 2 9.73175
27 3 11.6185
79 3 11.6185
73 3 11.6185
687 79 1
113 4 12.8657
688 689 1
76 1 9.84098
101 196 1
162 2 13.4626
520 56 1
111 4 11.7241
430 518 1
76 2 10.8663
2 642 1
173 2 14.1349
690 578 1
129 1 10.3518
405 380 1
3 1 10.3518
419 421 1
76 3 11.5666
572 596 1
206 2 10.6884
635 109 1
132 3 13.2801
691 156 3
149 5 10.2711
133 4 9.60953
87 5 10.2711
692 693 1
192 1 10.3518
694 695 1
141 1 10.3518
169 596 1
206 5 11.7266
624 696 1
70 2 9.87038
76 680 3
116 4 12.9552
99 3 11.6993
165 5 13.8471
230 697 1
205 4 15.8917
49 312 1
48 2 11.0153
698 437 1
182 1 9.50449
2 35 4
142 6 17.0398
191 2 11.5055
129 2 11.5055
132 3 13.7362
205 699 2
136 4 15.5219
118 6 17.3884
426 700 2
96 8 17.2765
88 6 16.2377
157 394 1
69 4 11.6128
635 662 1
45 2 10.7747
639 156 1
20 3 16.4291
316 701 1
16 2 14.6353
702 703 1
207 1 10.3518
84 704 1
85 4 10.4876
624 339 1
146 4 14.4291
705 115 1
50 2 9.99665
666 153 3
168 4 13.7305
204 6 15.3817
44 4 13.7305
2 153 1
16 2 12.6497
706 346 1
127 1 10.3518
707 425 1
103 1 10.3518
708 356 1
171 1 9.50449
448 709 1
127 1 10.3518
392 710 3
187 3 10.6174
128 4 11.7571
112 6 13.1709
279 478 1
93 1 10.3518
384 364 1
56 2 10.4923
711 587 1
12 2 12.2415
712 713 1
207 3 15.2997
714 505 1
141 5 12.8313
715 661 1
198 4 12.3773
716 717 1
40 1 10.3518
718 557 1
173 3 12.2432
421 63 1
189 3 12.0653
719 332 1
49 1 10.3518
720 281 1
198 2 13.7611
491 721 1
40 1 10.3518
722 156 1
40 1 10.3518
723 724 1
139 4 18.6868
725 726 1
40 1 10.3518
727 355 1
74 3 11.1168
702 712 1
207 1 10.3518
444 451 1
67 2 9.84636
42 728 1
1 14 15.5427
371 729 1
130 1 9.25316
730 731 1
93 1 10.3518
237 339 1
133 1 9.84098
732 733 1
176 1 10.3518
110 392 1
126 2 12.3655
230 63 10
41 5 11.1
187 5 11.1
107 14 13.4876
128 8 12.3782
145 8 12.3782
63 5 11.1
10 7 12.0479
179 7 12.0479
17 11 13.0619
74 6 11.634
16 547 19
41 13 13.2292
61 5 10.9875
187 14 13.3508
107 15 13.458
56 14 13.3508
128 23 14.0057
174 10 12.7418
112 20 13.8472
145 21 13.9047
15 8 12.2527
63 18 13.715
10 22 13.9573
135 18 13.715
179 11 12.9294
17 20 13.8472
74 15 13.458
205 25 14.0917
159 4 10.2798
130 5 10.9875
80 330 15
41 4 13.5993
61 3 12.281
187 4 13.5993
107 4 13.5993
128 5 14.5355
112 9 16.5625
145 6 15.2347
15 3 12.281
135 6 15.2347
17 3 12.281
74 6 15.2347
205 6 15.2347
172 2 10.2867
159 2 10.2867
130 3 12.281
187 209 3
8 4 13.8232
97 2 10.456
137 5 14.7748
454 501 1
70 4 9.79237
734 735 1
182 2 11.1235
736 502 1
82 2 11.8285
39 578 1
189 2 13.0013
713 737 3
184 4 12.2666
37 8 14.6208
97 3 11.0775
586 478 2
37 8 17.528
97 2 11.1235
572 738 4
20 3 14.3512
89 3 14.3512
4 3 14.3512
166 4 15.8917
405 407 2
97 2 11.367
48 5 16.0621
230 556 1
15 2 12.8151
448 197 1
97 2 11.6582
152 666 5
126 4 11.3797
168 4 11.3797
81 5 12.163
204 6 12.7481
44 4 11.3797
739 740 1
40 1 10.3518
423 630 1
36 1 9.84098
741 742 1
182 1 9.84098
710 308 1
137 2 10.8663
158 87 1
126 3 17.4728
100 206 3
123 8 12.3782
69 5 11.1
12 13 13.3648
743 468 1
166 2 13.4626
149 186 1
1 2 10.5677
744 156 4
158 10 11.2902
76 5 9.73572
188 13 11.7221
190 11 11.4565
3 745 2
119 7 14.1328
75 4 12.1823
228 520 1
53 10 10.4067
21 746 1
38 2 11.8285
747 733 1
191 4 11.2086
529 578 1
132 1 10.3518
748 749 1
2 1 10.3518
332 285 1
28 1 10.3518
246 410 1
71 4 11.8948
750 300 1
158 2 10.7747
666 39 1
48 2 11.9215
751 643 1
184 4 16.5265
430 281 1
71 2 13.2142
138 300 1
29 2 11.7409
752 406 1
122 1 10.3518
753 244 1
29 2 12.5008
642 754 1
29 3 13.7362
709 518 1
49 1 10.3518
412 755 1
129 2 14.6353
145 756 1
49 1 10.3518
757 472 1
49 1 10.3518
73 312 1
49 2 11.3023
143 758 1
10 2 11.4347
759 747 1
124 2 13.0013
145 198 1
49 2 13.4626
87 106 1
78 2 11.4347
702 459 1
134 1 10.3518
260 205 5
139 16 18.1632
127 4 13.7763
26 8 16.4203
31 5 14.7247
204 8 16.4203
205 554 1
139 5 15.0448
346 101 1
33 2 9.87038
747 118 1
86 3 12.7607
760 761 1
78 2 13.7611
440 526 1
8 2 11.3023
762 339 1
138 1 10.3518
513 763 1
130 1 10.3518
414 764 1
161 2 10.7747
406 9 1
189 2 11.5799
197 765 1
189 2 12.2415
99 766 3
189 2 12.3655
19 3 14.7629
66 2 12.3655
767 2 1
189 2 14.1349
472 46 1
189 3 14.2328
86 768 1
189 2 15.395
769 561 1
46 2 11.2403
489 578 1
162 24 15.5725
361 174 1
158 2 11.1808
624 770 1
85 3 10.4593
5 393 1
69 3 11.039
21 466 1
123 2 11.1235
547 230 10
41 2 10.4923
187 3 12.5265
107 8 16.5333
112 3 12.5265
145 2 10.4923
15 3 12.5265
10 3 12.5265
179 5 14.8261
17 6 15.5392
74 3 12.5265
294 367 2
11 1 9.84098
34 2 14.6353
771 43 2
152 5 19.0233
26 5 19.0233
233 232 1
91 1 10.3518
772 578 1
132 1 10.3518
773 578 1
132 1 10.3518
748 774 1
65 2 11.4347
494 375 1
60 1 10.3518
775 291 1
43 2 13.7611
410 270 1
182 2 9.79946
697 480 1
205 2 15.395
776 777 1
159 2 11.8285
778 779 1
200 3 10.3397
227 780 1
9 2 10.9639
101 781 5
1 11 14.7052
120 3 10.5583
11 5 12.4965
29 12 14.8879
143 15 15.3064
782 473 1
38 6 11.5427
775 152 1
138 2 10.6068
783 603 1
200 2 10.319
526 39 13
28 19 11.9883
192 13 11.5056
184 23 12.1809
199 4 8.94044
3 28 12.3492
8 11 11.2449
122 18 11.9281
97 20 12.0431
30 9 10.8885
186 17 11.8615
93 17 11.8615
137 11 11.2449
48 16 11.7874
116 29 1
176 5 10.8806
494 160 1
51 2 11.4347
784 419 1
180 1 10.3518
635 375 1
1 1 10.3518
785 677 1
49 1 10.3518
143 39 1
31 2 12.127
212 204 1
51 2 13.2142
686 786 1
35 2 10.9639
710 631 1
107 1 10.3518
787 156 2
90 5 12.1051
82 5 12.1051
788 2 4
131 2 10.9143
55 7 16.7394
170 5 15.4224
78 2 10.9143
508 156 1
30 5 10.756
789 425 1
161 2 10.9143
7 227 1
30 2 11.9215
790 791 1
77 1 10.3518
792 520 1
75 2 11.8285
793 9 1
133 1 10.3518
794 765 1
140 1 9.50449
368 478 1
93 1 10.3518
795 589 1
0 1 9.25316
796 452 1
0 1 9.50449
82 725 1
148 1 10.3518
298 797 1
0 1 10.3518
798 799 1
60 2 12.3655
800 334 1
197 2 13.4626
801 160 1
68 2 13.7611
802 448 1
37 3 16.0727
604 803 1
72 1 10.3518
804 42 1
143 2 12.2415
802 114 4
96 4 12.4234
35 2 9.39715
63 3 11.2191
130 2 9.39715
136 805 1
202 2 11.0684
39 109 1
19 5 13.2051
806 604 1
60 1 10.3518
807 380 2
183 2 12.127
14 2 12.127
414 174 1
180 2 12.3655
444 808 1
68 2 14.6353
347 231 1
50 1 10.3518
125 109 1
170 2 12.127
101 37 1
9 4 13.1814
766 208 1
127 7 15.5883
714 473 1
42 1 9.84098
151 700 1
170 2 12.5008
809 36 4
85 5 11.145
23 5 11.145
105 6 11.6811
94 16 13.7476
750 63 1
175 2 10.1638
25 554 6
111 4 10.1353
146 5 10.833
150 3 9.15277
69 4 10.1353
110 5 10.833
114 3 9.15277
174 87 3
158 5 13.3807
47 10 15.5171
33 4 12.5189
810 361 1
167 1 10.3518
691 811 3
149 5 12.2378
133 4 11.4496
87 5 12.2378
157 10 1
148 2 12.0207
280 114 1
32 2 10.5295
449 270 2
134 4 10.7001
45 4 10.7001
431 165 1
177 1 10.3518
555 782 1
38 2 13.2142
812 509 1
172 1 10.3518
694 85 1
38 2 13.7611
391 813 1
38 2 13.7611
369 63 2
38 3 15.2997
125 3 15.2997
814 815 1
85 1 10.3518
816 425 1
185 3 11.5924
25 286 1
75 1 10.3518
817 543 1
188 3 16.4291
145 296 1
185 4 12.2452
818 48 1
59 1 10.3518
227 216 2
106 3 11.2402
108 3 11.2402
136 247 1
86 2 11.9215
819 747 1
64 3 9.76239
775 423 1
148 2 11.5055
747 184 1
165 2 10.255
3 770 1
137 3 11.6993
50 436 3
36 2 11.1235
79 3 13.2801
71 11 18.4961
481 138 1
119 5 10.6454
219 104 1
159 1 10.3518
781 78 1
99 2 11.1808
202 80 11
41 4 13.8712
61 3 12.5265
107 2 10.4923
56 2 10.4923
128 4 13.8712
112 4 13.8712
145 3 12.5265
135 3 12.5265
17 2 10.4923
172 2 10.4923
130 2 10.4923
423 820 1
44 2 11.9215
494 128 4
51 2 11.9215
90 3 14.2328
59 4 15.7606
83 14 20.4689
821 287 1
87 2 14.6353
822 526 1
127 1 10.3518
55 750 1
145 4 11.7241
129 823 1
60 2 12.6497
480 87 1
21 3 9.99044
824 564 1
9 2 10.6471
641 339 1
146 2 10.8663
298 99 1
199 1 8.31474
25 308 1
138 2 13.4626
609 317 1
21 1 10.3518
89 656 1
12 1 9.84098
754 825 1
12 1 10.3518
25 153 1
12 2 13.2142
826 543 1
50 1 9.84098
827 89 1
143 3 12.2062
315 88 2
173 3 11.0775
147 2 9.27857
725 821 1
21 2 11.0153
381 828 1
40 1 10.3518
729 624 1
115 3 12.1699
624 829 1
106 1 10.3518
529 830 1
53 3 9.7531
781 89 1
131 2 12.2415
492 348 1
1 2 9.84636
72 642 1
195 2 10.4205
114 831 1
160 6 12.2657
186 83 1
23 1 9.84098
343 832 1
40 1 10.3518
9 195 1
1 2 9.87038
244 2 1
95 1 9.50449
833 834 1
176 1 10.3518
205 835 1
31 3 16.4291
700 283 2
96 8 16.6521
88 6 15.6509
230 458 1
56 2 11.0684
543 46 2
55 7 11.6419
43 14 13.033
836 587 1
143 7 13.5824
90 554 4
202 3 14.3512
67 2 12.0207
86 3 14.3512
117 4 15.8917
77 571 1
57 6 18.1298
123 837 1
207 2 11.8285
816 361 8
121 7 13.6784
198 8 14.0535
180 9 14.3597
99 7 13.6784
181 3 10.6477
164 8 14.0535
79 3 10.6477
165 11 14.8297
728 296 1
1 16 15.613
436 125 1
71 5 16.2578
838 839 1
202 2 12.127
514 840 1
46 5 13.329
841 842 1
40 1 10.3518
76 843 1
190 1 9.84098
391 788 1
55 2 12.6497
492 531 1
190 1 9.84098
844 274 1
95 6 10.0797
492 606 1
190 1 10.3518
771 845 1
190 1 10.3518
730 11 1
190 1 10.3518
232 846 1
52 3 10.5583
212 847 1
60 2 13.4626
554 460 1
118 4 15.7606
145 848 1
96 2 15.395
157 397 1
28 1 10.3518
145 152 1
165 3 10.8242
176 596 1
149 6 13.386
239 426 1
97 2 12.2415
849 540 1
172 1 9.84098
444 850 1
4 2 13.7611
212 332 1
156 2 13.0013
244 339 1
29 19 15.6774
114 746 1
61 2 14.6353
737 579 1
39 1 9.84098
232 851 1
52 2 10.4923
174 206 2
135 2 12.2415
205 2 12.2415
73 361 1
151 3 12.9731
555 42 1
1 2 10.1936
852 853 1
4 2 12.8151
776 847 1
181 1 10.3518
118 160 1
81 1 10.3518
480 702 1
207 2 10.6068
147 156 1
99 2 11.2403
854 451 1
199 1 10.3518
455 39 1
24 2 10.456
405 209 2
184 4 15.8917
97 4 15.8917
245 855 1
52 1 10.3518
811 85 1
109 1 9.84098
856 109 2
150 1 9.84098
114 1 9.84098
82 857 1
69 1 10.3518
628 564 1
107 2 11.5799
25 858 2
50 4 15.4126
138 2 11.6582
774 2 1
18 2 10.1346
859 35 1
130 1 8.88539
860 556 1
44 2 11.7409
76 93 1
47 7 14.8263
426 114 1
155 2 11.8285
823 439 1
24 3 14.4781
315 103 1
129 2 15.395
861 186 2
39 5 14.3619
134 3 12.1343
862 520 1
182 1 9.25316
863 414 1
76 2 10.8198
406 864 1
179 1 10.3518
680 545 1
203 2 13.0013
21 865 1
86 2 10.6471
725 37 1
9 2 11.2403
470 144 1
196 2 11.1235
866 867 1
23 4 12.224
173 407 1
158 2 11.367
868 180 1
117 3 13.7362
652 76 1
121 5 14.0888
869 156 1
197 5 13.7514
380 870 1
84 2 9.21481
416 871 1
0 1 9.84098
285 711 1
195 1 10.3518
108 229 1
195 1 10.3518
394 872 1
195 1 10.3518
873 642 1
195 1 10.3518
804 874 1
195 1 10.3518
875 217 1
195 1 10.3518
875 538 1
195 1 10.3518
876 647 1
195 1 10.3518
241 877 1
136 1 10.3518
221 878 1
93 1 9.84098
138 84 1
97 2 11.5055
218 879 1
83 2 13.7611
858 766 1
93 2 11.8285
577 194 1
157 1 10.3518
15 880 1
198 6 14.0798
513 868 1
117 2 13.0013
38 881 1
24 2 13.4626
296 244 5
1 10 14.8108
120 3 10.7907
11 5 12.7717
29 11 15.029
143 14 15.5188
839 220 1
197 5 19.9732
138 444 1
117 1 10.3518
882 883 2
157 2 10.3521
117 2 10.3521
426 315 1
195 2 11.367
224 884 1
23 1 10.3518
885 629 1
24 1 10.3518
646 156 1
194 4 11.6439
886 63 1
24 2 10.5295
698 518 1
107 1 10.3518
887 823 1
24 3 18.3798
888 889 1
60 3 12.0318
890 891 1
188 2 12.8151
145 892 1
151 1 10.3518
599 893 1
151 1 10.3518
494 894 1
65 2 11.3023
337 414 1
13 2 9.87038
895 398 1
5 7 9.48331
535 32 1
1 2 10.8198
720 156 3
121 4 15.7606
198 3 14.2328
164 2 11.9215
398 870 1
84 2 11.9215
896 505 3
13 4 13.6858
153 2 10.3521
64 2 10.3521
152 897 1
50 2 10.6884
371 333 1
187 1 10.3518
566 898 1
162 2 14.1349
505 690 1
134 3 13.9185
3 899 1
6 2 9.58479
394 50 1
71 6 15.8297
182 232 1
52 2 10.1638
900 112 1
197 2 12.6497
901 778 1
200 3 10.3526
901 160 1
45 4 9.85511
328 409 1
0 1 10.3518
695 880 1
87 2 9.29495
902 577 1
6 1 10.3518
816 591 1
200 1 10.3518
2 489 1
18 1 10.3518
145 554 2
35 2 9.77654
102 2 9.77654
539 683 1
168 2 13.2142
355 903 1
21 4 10.21
529 186 1
162 6 18.7344
528 296 2
150 3 9.6022
114 3 9.6022
151 223 1
124 3 12.8637
53 904 1
7 3 14.9245
905 350 1
0 2 12.2415
604 906 1
97 1 10.3518
907 908 1
43 2 11.8285
891 734 1
88 2 13.0013
41 270 1
53 3 11.3275
174 407 1
47 3 13.6516
327 909 1
4 2 13.7611
767 232 1
52 3 10.1799
910 869 1
197 5 17.8746
36 62 1
136 1 10.3518
2 689 1
173 1 10.3518
839 50 1
41 1 10.3518
330 635 1
41 2 11.367
477 39 1
41 3 11.4431
635 697 1
41 2 11.5055
111 220 1
41 3 11.5412
554 900 1
197 2 11.1235
673 632 1
131 13 14.1336
661 610 1
198 3 17.4728
381 911 1
115 2 13.2142
427 129 1
3 1 10.3518
434 912 1
123 2 10.1346
307 401 1
102 2 14.1349
624 63 3
123 3 11.157
170 4 12.3546
78 3 11.157
369 85 3
92 5 18.6722
101 2 13.2142
16 9 21.276
913 397 1
123 2 11.9215
318 825 1
123 2 12.2415
84 15 2
145 8 15.3699
10 5 13.7828
914 50 1
185 3 13.9185
915 916 1
91 2 10.6471
57 195 1
168 3 10.487
100 39 1
134 2 10.6068
831 316 1
66 1 10.3518
917 847 1
60 2 14.1349
227 918 1
20 2 13.7611
914 26 2
111 2 11.2403
120 2 11.2403
919 414 1
79 6 10.5089
920 5 1
28 1 10.3518
920 493 1
186 2 10.7747
472 357 1
149 2 13.7611
361 114 15
116 7 11.1613
151 10 11.925
183 13 12.3812
160 16 12.6845
36 7 11.1613
158 6 10.7778
174 9 11.7171
180 11 12.1006
99 9 11.7171
47 10 11.925
33 4 9.62084
181 6 10.7778
164 18 12.8358
79 10 11.925
165 12 12.251
2 407 3
175 2 10.3521
55 6 15.3316
78 2 10.3521
921 922 1
192 2 14.1349
428 32 1
53 3 9.94863
410 578 2
175 2 12.5008
140 2 12.5008
256 923 1
203 4 12.5684
924 726 1
35 2 12.0207
666 925 1
126 2 12.5008
926 78 1
86 1 10.3518
473 281 1
38 3 14.2328
290 281 1
195 3 12.3591
369 104 1
147 1 10.3518
835 198 1
136 1 10.3518
77 182 1
57 3 15.1022
291 927 1
56 2 10.8663
928 470 1
171 1 9.50449
759 630 1
198 3 13.0304
406 36 1
43 3 12.8637
762 929 1
104 1 10.3518
308 218 1
25 2 13.0013
632 291 1
43 2 12.0207
151 930 1
43 2 12.5008
931 602 1
61 1 10.3518
538 681 1
43 2 13.7611
846 271 1
43 2 14.1349
154 410 1
61 2 11.1235
932 737 1
56 1 10.3518
933 140 1
202 2 15.395
727 934 1
105 1 9.84098
935 936 1
61 2 12.127
712 937 1
61 3 14.9245
93 32 1
206 2 10.255
610 744 1
158 5 16.9857
938 939 1
76 1 10.3518
940 436 1
71 6 14.225
488 941 1
105 1 10.3518
293 942 1
45 1 10.3518
347 810 1
91 2 11.4347
855 374 1
53 1 10.3518
171 943 1
172 1 10.3518
382 144 1
75 1 10.3518
183 944 1
86 2 11.5799
246 215 1
65 2 12.2415
945 36 1
129 3 12.9175
946 109 1
78 1 10.3518
36 947 1
78 1 10.3518
2 287 2
113 3 12.3591
78 2 10.3521
114 16 2
128 5 14.1633
174 4 13.2511
144 948 2
131 2 11.5799
78 2 11.5799
949 646 1
194 4 11.7241
950 444 3
201 3 12.6165
20 5 14.9326
68 7 16.2077
612 209 1
184 4 18.6868
169 610 2
183 2 11.5799
181 2 11.5799
788 407 1
38 2 12.8151
8 205 1
31 2 12.5008
313 339 1
50 1 9.84098
713 430 1
199 2 12.0207
951 138 1
86 2 13.2142
843 610 1
190 1 10.3518
492 308 1
198 4 13.9204
952 953 1
94 3 14.2328
863 223 1
5 1 9.84098
954 85 2
106 3 11.2402
108 3 11.2402
504 683 1
136 1 10.3518
798 238 1
60 1 10.3518
215 228 2
72 12 9.54707
153 24 10.2474
10 215 1
161 2 13.0013
56 305 1
191 2 14.1349
562 610 1
158 3 14.7629
955 956 1
182 1 10.3518
422 228 1
133 3 10.3656
957 904 1
76 2 13.4626
116 958 1
59 1 10.3518
247 959 1
64 1 9.50449
960 961 1
59 1 10.3518
962 818 1
59 2 15.395
333 523 1
165 1 10.3518
698 963 1
165 1 10.3518
271 300 1
17 2 11.1808
590 63 1
46 9 10.8787
964 925 1
115 2 13.2142
871 965 1
39 1 9.84098
421 32 1
169 2 11.0684
966 56 1
39 1 10.3518
753 686 1
39 1 10.3518
158 227 1
118 2 12.127
511 32 1
193 2 9.2305
140 967 1
202 2 15.395
684 156 1
39 1 10.3518
964 440 1
111 1 10.3518
968 227 1
117 2 10.5677
463 818 1
19 2 14.1349
125 437 1
29 5 11.888
502 969 1
82 2 12.0207
970 240 2
192 2 10.7309
186 2 10.7309
376 711 2
148 7 14.2058
29 4 12.2452
588 798 1
60 4 11.3121
971 195 1
107 1 9.84098
808 295 1
25 8 11.8003
281 404 1
176 1 10.3518
281 369 11
92 5 12.872
106 5 12.872
55 4 12.0429
101 6 13.4911
108 5 12.872
129 4 12.0429
16 11 15.147
162 26 16.5536
38 31 16.7375
147 8 14.3542
125 4 12.0429
972 973 2
105 5 11.5001
94 15 14.086
846 974 1
37 2 12.8151
380 145 1
165 2 11.9215
426 975 1
201 3 14.2328
642 285 1
195 5 13.5157
770 976 1
137 3 11.3959
977 978 1
30 1 10.3518
114 50 2
116 5 12.2531
47 5 12.2531
227 979 1
118 4 15.4126
410 46 3
173 5 10.52
142 6 11.026
147 4 9.8424
980 324 1
194 3 10.8411
470 981 1
119 2 11.9215
414 231 1
196 3 11.9988
538 195 2
170 2 13.0013
125 2 13.0013
76 677 2
185 2 11.3023
180 2 11.3023
2 701 1
140 3 12.9175
36 892 1
105 1 10.3518
756 115 2
160 3 12.0318
54 2 10.0779
413 421 1
17 2 11.5799
23 454 1
105 1 10.3518
256 982 1
3 1 10.3518
756 2 2
105 3 11.4431
94 4 12.6714
23 879 1
105 2 11.9215
841 2 1
105 2 12.6497
322 983 1
91 2 11.4347
34 984 1
87 2 12.6497
984 186 1
91 2 13.4626
376 528 1
135 2 14.1349
985 444 1
4 2 13.4626
528 202 1
174 8 17.1227
380 986 2
14 2 14.6353
22 3 17.4728
379 317 1
91 2 14.6353
554 763 1
10 2 10.9639
43 355 1
10 2 11.0684
174 312 1
144 3 12.9731
547 436 1
10 2 13.4626
292 676 1
143 23 14.7285
987 418 1
153 3 10.5294
774 988 1
184 2 12.6497
85 137 1
16 9 14.1243
505 989 1
72 2 9.50688
174 56 1
144 3 12.8114
990 766 1
156 2 14.1349
4 758 1
131 2 11.6582
991 394 1
144 5 14.4907
472 172 1
32 1 9.84098
127 992 1
98 1 9.50449
993 994 2
75 2 10.255
34 3 12.2432
699 567 1
136 1 10.3518
995 683 1
136 1 10.3518
242 205 1
136 1 10.3518
996 891 1
136 1 10.3518
997 81 1
206 1 10.3518
998 999 1
105 1 10.3518
227 548 1
2 3 12.3591
174 554 1
116 4 10.4528
1000 974 1
101 1 10.3518
88 647 1
75 2 10.3859
89 295 2
169 4 12.4468
78 5 13.3037
699 213 1
136 2 11.1808
1001 183 1
206 3 10.1335
21 73 1
75 5 10.5065
182 1002 1
68 2 13.7611
694 136 2
109 2 11.6582
80 2 11.6582
100 392 1
134 2 12.5008
1003 281 1
16 2 13.4626
804 153 1
81 3 11.7554
785 52 1
1 1 9.50449
220 1004 1
44 5 11.5109
501 312 1
72 2 10.9143
1005 88 1
207 2 12.3655
50 145 22
116 6 15.433
151 3 12.4409
183 8 16.4203
7 3 12.4409
121 11 17.3272
198 3 12.4409
160 5 14.7247
36 8 16.4203
96 8 16.4203
35 3 12.4409
14 10 17.0757
49 9 16.778
88 3 12.4409
47 7 15.9821
33 2 10.4205
102 3 12.4409
22 5 14.7247
27 6 15.433
79 6 15.433
71 3 12.4409
73 6 15.433
54 5 14.7247
1006 65 1
0 1 9.50449
410 254 10
116 6 10.9152
183 8 11.6135
121 11 12.255
36 8 11.6135
14 10 12.0771
49 8 11.6135
27 6 10.9152
79 6 10.9152
73 6 10.9152
54 5 10.4143
1007 115 1
36 1 9.84098
754 312 1
29 19 12.848
401 215 1
58 1 9.84098
1008 81 1
58 1 10.3518
250 594 1
58 1 10.3518
582 283 1
58 2 10.9143
391 26 1
69 2 10.4205
247 704 1
58 2 11.0153
916 803 1
58 3 15.7761
159 110 1
175 3 10.8582
390 1009 1
129 1 10.3518
382 152 1
91 2 11.2403
296 255 1
200 2 14.1349
514 828 1
141 3 11.4915
384 84 1
146 3 10.1682
405 858 1
97 2 12.8151
507 1010 1
30 1 10.3518
570 1011 1
11 1 9.84098
1012 458 1
32 2 13.0013
6 1013 1
122 5 14.0888
69 156 1
99 2 11.9215
1014 1015 1
85 2 11.1235
916 950 1
201 2 13.4626
182 526 1
97 2 13.2142
350 391 1
0 1 9.50449
863 207 1
127 1 10.3518
808 478 1
28 2 13.4626
974 1016 1
188 3 10.5438
547 291 3
145 4 11.366
10 4 11.366
17 4 11.366
55 270 1
180 2 12.5008
1017 183 1
109 2 10.9143
725 1018 1
62 1 9.50449
1019 153 1
62 1 9.50449
554 1020 1
62 1 9.84098
84 803 1
62 1 9.84098
153 803 1
62 1 10.3518
295 313 1
62 1 10.3518
244 803 1
62 1 10.3518
1021 1022 1
62 1 10.3518
803 256 1
62 2 13.7611
257 771 1
62 2 14.1349
387 74 1
62 5 16.1577
25 393 1
34 3 15.2997
414 50 6
155 4 11.0983
7 4 11.0983
158 8 13.2283
27 4 11.0983
73 4 11.0983
54 5 11.8623
217 713 1
97 2 13.4626
119 318 1
21 3 10.487
25 324 1
138 2 14.6353
578 37 1
162 4 15.309
599 1023 1
83 2 10.7309
166 270 1
182 2 12.5008
2 847 1
156 1 10.3518
7 1024 1
50 1 9.25316
45 957 1
179 1 10.3518
394 218 1
83 2 14.1349
862 151 1
87 3 10.4731
118 194 2
202 2 11.8285
157 2 11.8285
841 230 1
205 2 12.0207
228 505 5
58 7 10.0166
65 11 10.8597
72 7 10.0166
80 7 10.0166
13 7 10.0166
932 137 1
50 1 10.3518
160 1025 1
103 3 10.0441
491 90 1
20 3 13.2801
256 50 1
116 3 12.0653
1026 1027 1
50 1 10.3518
217 677 1
180 2 11.6582
747 437 1
70 8 10.1902
1028 378 3
170 5 16.9857
132 2 12.0207
125 3 14.3512
174 562 2
180 4 10.9053
99 6 12.2167
963 693 1
192 1 10.3518
56 314 1
134 1 9.84098
1029 1030 1
181 1 10.3518
2 318 4
131 2 11.367
191 6 16.8347
78 3 13.5708
125 2 11.367
1031 436 1
203 4 14.2445
1032 114 1
7 4 17.4696
423 1033 1
48 6 14.1658
472 35 1
86 2 10.6068
136 215 1
65 3 12.0995
170 141 2
147 2 10.6884
66 2 10.6884
1034 919 1
67 2 13.7611
412 444 1
202 3 15.1022
477 1035 1
115 2 15.395
29 59 1
168 1 10.3518
918 90 2
202 2 13.4626
20 2 13.4626
53 963 1
100 3 10.4456
452 904 1
203 2 13.2142
1036 972 1
105 2 11.7409
346 1037 1
91 1 10.3518
94 526 1
136 1 10.3518
969 70 1
109 1 9.84098
1038 623 1
109 1 10.3518
518 315 1
109 2 10.6884
11 912 1
109 2 11.5055
326 1039 1
77 1 10.3518
1003 1040 1
94 2 13.7611
205 513 1
31 1 10.3518
536 156 2
197 8 12.885
81 5 11.5545
931 1041 1
47 2 11.9215
301 244 1
120 1 10.3518
764 417 1
120 3 10.3397
465 930 1
202 2 12.6497
1042 50 1
36 1 9.84098
15 230 3
187 7 10.1026
112 16 11.4813
145 10 10.7939
781 1043 1
90 2 14.1349
63 697 1
107 2 9.91961
835 227 1
31 3 15.7761
108 138 1
129 2 12.5008
726 786 1
35 2 10.9639
100 126 1
196 3 11.3729
713 747 1
37 3 15.1022
232 36 2
52 6 11.634
154 3 9.37841
262 282 1
92 1 9.05246
74 971 1
55 2 12.2415
694 523 1
95 1 10.3518
2 554 3
92 4 9.8424
173 5 10.52
169 7 11.4183
369 1044 1
55 2 15.395
394 74 1
92 5 18.6722
448 227 1
37 6 13.3252
239 713 1
37 2 14.6353
545 448 1
37 2 15.395
359 1045 1
119 2 11.5799
2 1046 1
18 1 9.50449
120 1047 1
18 1 9.84098
296 185 1
18 1 9.84098
316 1048 1
18 1 10.3518
1049 674 1
18 1 10.3518
728 156 1
1 16 10.763
1050 223 1
18 1 10.3518
571 543 1
55 2 12.127
488 95 2
150 1 9.25316
114 1 9.25316
701 281 1
147 3 11.0581
1051 114 3
116 2 12.6497
14 2 12.6497
22 6 18.7344
118 227 3
201 5 12.2996
81 3 10.3919
86 4 11.5074
1052 124 1
161 3 13.4936
1029 25 1
120 1 10.3518
136 710 1
88 6 12.9077
37 13 2
9 11 17.1045
52 3 12.281
598 195 3
98 6 10.8884
18 4 9.71959
142 7 11.2758
745 281 1
119 2 11.1808
570 762 1
8 2 12.0207
445 1053 1
133 1 10.3518
891 172 2
27 1 9.84098
73 1 9.84098
1053 227 1
133 1 10.3518
492 891 1
88 5 14.4907
719 774 1
82 2 11.1808
371 394 1
79 2 10.7747
360 371 3
116 2 10.8663
49 2 10.8663
79 3 12.9731
835 156 2
136 2 11.6582
31 4 15.4126
511 469 5
85 5 10.9875
103 4 10.2798
23 5 10.9875
105 6 11.516
94 15 13.458
1051 156 1
22 8 14.5203
538 775 4
175 3 11.3275
113 4 12.5435
38 4 12.5435
40 3 11.3275
470 570 1
104 2 11.367
1054 156 1
13 1 10.3518
686 329 1
158 2 11.3023
100 144 1
53 3 10.2765
1055 134 2
106 3 14.7629
108 3 14.7629
786 726 1
35 2 11.0153
815 209 1
137 2 13.7611
227 895 1
5 4 9.60391
274 1056 1
3 4 11.9675
891 904 1
88 2 13.2142
2 295 3
142 5 16.2578
129 3 13.7362
125 4 15.2107
1057 253 1
64 1 9.84098
355 1031 1
203 2 12.8151
238 572 1
144 2 13.2142
151 89 1
153 2 13.2142
392 1017 1
109 2 10.3521
76 668 1
199 1 9.05246
560 690 1
75 3 12.9731
1058 352 1
87 2 9.26237
977 301 1
178 1 9.84098
505 834 1
161 2 11.1808
497 15 5
41 2 10.9143
187 3 13.0304
128 5 15.4224
63 2 10.9143
179 2 10.9143
248 172 1
179 2 13.4626
51 963 1
52 2 10.1638
586 138 1
196 4 10.5589
1059 1060 1
34 2 14.6353
344 339 1
138 2 14.1349
158 246 1
126 1 10.3518
737 142 1
126 2 11.1808
1061 925 2
126 2 12.0207
168 2 12.0207
510 1012 1
168 1 10.3518
75 57 1
171 1 8.31474
980 533 2
150 2 14.6353
114 2 14.6353
534 447 1
57 6 14.8445
1062 49 1
15 2 12.3655
1063 1064 1
133 1 10.3518
1065 805 1
171 1 9.50449
737 284 2
27 1 9.50449
73 1 9.50449
440 524 1
2 2 11.4347
355 84 2
107 14 10.5215
145 17 10.7481
119 766 1
37 2 12.127
697 1066 3
187 6 10.9561
128 9 11.911
17 5 10.4533
769 1067 1
182 1 8.88539
469 624 1
39 2 10.4205
1068 1069 1
182 1 9.50449
445 677 1
182 1 9.50449
242 1070 1
129 1 10.3518
1071 882 1
182 1 9.84098
1072 1073 1
182 1 10.3518
765 84 1
182 2 10.7747
1074 327 1
4 2 13.2142
1075 156 1
156 2 11.7409
816 312 2
121 3 15.522
181 4 17.1882
1076 371 1
124 2 12.5008
51 819 1
109 3 10.055
877 335 1
204 3 15.2997
9 601 1
204 3 18.3798
53 247 1
203 3 12.7607
205 1077 1
31 2 12.5008
216 687 2
106 15 10.6305
108 15 10.6305
907 215 1
189 4 12.4234
339 145 1
185 2 12.2415
234 361 2
183 3 11.0014
88 4 12.1823
768 332 1
177 1 10.3518
202 697 1
128 3 13.0896
963 407 1
48 4 12.224
1078 308 1
44 2 10.8663
514 340 1
80 3 10.001
319 510 1
44 2 15.395
466 50 1
203 2 12.6497
221 745 1
69 1 10.3518
837 564 1
45 1 10.3518
144 712 1
207 3 13.825
1079 339 1
69 1 10.3518
136 87 1
190 10 9.97636
1080 1081 1
206 1 10.3518
536 153 1
81 2 14.6353
60 142 1
168 1 10.3518
1066 1059 1
128 6 16.8347
376 610 1
14 2 11.7409
1082 9 1
14 2 13.0013
637 697 1
179 1 10.3518
340 943 1
72 1 10.3518
444 156 2
68 17 12.4192
117 6 10.4865
316 88 1
132 1 10.3518
416 270 1
194 3 10.9463
536 712 1
81 3 14.9245
1083 1084 2
2 4 11.0396
52 4 11.0396
1085 789 1
206 1 10.3518
468 2 1
98 1 9.84098
574 127 1
74 2 11.8285
150 526 9
207 5 14.1257
184 9 16.0955
199 3 11.9348
122 2 9.99665
30 4 13.2159
186 8 15.7523
93 8 15.7523
137 6 14.8052
48 5 14.1257
129 701 1
83 2 11.9215
111 881 1
24 2 10.5295
713 1086 1
207 6 13.694
381 1087 1
115 2 12.6497
1088 6 1
88 3 12.1343
880 700 1
88 2 12.2415
862 1036 1
21 2 11.7409
744 492 4
158 5 11.0473
76 4 10.3358
190 9 12.5879
181 4 10.3358
1 597 1
87 4 12.203
1089 405 1
204 6 16.8347
914 1085 1
181 2 11.1808
865 403 3
201 4 12.9552
68 6 14.5131
86 12 16.4969
1090 156 1
194 5 11.9009
220 1090 1
194 5 12.1484
1030 37 1
101 2 12.127
536 160 1
152 8 24.2588
1039 790 1
77 1 10.3518
247 454 1
42 1 8.15435
687 2 3
106 15 19.0649
19 3 13.1509
108 15 19.0649
1091 290 1
6 1 9.25316
601 205 1
204 7 20.2667
50 477 1
190 2 10.456
212 64 1
51 2 11.7409
825 1092 1
97 1 10.3518
619 1093 1
58 1 10.3518
545 118 1
118 4 14.8601
715 219 1
39 4 11.9308
630 580 1
92 1 9.05246
1094 530 1
171 1 6.8543
603 294 1
34 4 14.0226
697 43 1
10 7 11.5006
110 775 1
59 2 12.8151
812 63 1
98 2 12.127
205 945 1
81 1 10.3518
803 1095 12
171 3 8.24561
42 7 10.5927
58 8 10.8831
141 10 11.3175
62 8 10.8831
65 20 12.2994
72 14 11.8585
80 12 11.6269
13 12 11.6269
46 19 12.2435
21 8 10.8831
64 22 12.3972
337 56 1
109 3 9.97989
802 118 1
89 7 16.0364
191 156 1
70 6 9.64546
218 677 1
70 1 10.3518
520 429 1
70 1 10.3518
734 1096 1
177 1 10.3518
1097 1098 3
205 3 11.7554
130 2 9.84636
165 2 9.84636
1099 747 1
183 2 12.5008
1100 39 1
54 1 9.50449
556 319 1
44 2 14.1349
778 66 1
122 2 10.2867
430 1101 1
70 2 14.1349
869 642 1
122 1 10.3518
197 690 1
40 4 13.1474
87 710 1
88 4 11.7405
417 752 1
122 1 10.3518
406 93 1
122 1 10.3518
212 616 1
122 1 10.3518
378 281 2
170 3 15.2997
125 2 12.8151
132 615 1
122 2 12.2415
298 240 1
186 1 10.3518
533 156 2
150 2 9.97052
114 2 9.97052
1102 156 1
17 1 10.3518
39 920 1
28 4 11.9127
25 913 1
146 3 10.3269
25 424 1
100 2 10.319
46 407 1
43 8 17.3574
111 1103 1
131 2 13.2142
466 343 1
179 2 12.2415
963 974 1
57 4 15.6376
562 1104 1
92 1 9.25316
32 827 1
143 3 12.4409
627 412 1
77 1 10.3518
291 36 1
159 2 10.9639
25 394 1
138 1 10.3518
737 300 1
126 2 10.6884
114 543 1
63 2 11.7409
232 781 1
91 2 11.0153
166 996 1
118 5 17.473
172 970 1
149 1 10.3518
2 110 1
140 1 9.84098
1058 151 1
80 2 11.4347
29 436 1
175 2 12.0207
191 218 1
70 6 13.2467
554 881 1
24 3 12.0653
77 520 1
196 2 10.4923
737 403 2
106 3 12.6165
108 3 12.6165
373 73 1
8 2 11.9215
308 677 1
198 5 16.2578
1105 694 1
153 2 12.5008
386 1106 2
85 6 10.279
91 7 10.6447
727 523 1
101 3 10.8411
2 923 1
92 1 10.3518
571 1107 1
201 7 14.1328
734 82 1
34 3 12.3196
44 1108 1
50 1 9.84098
136 635 1
171 1 6.87473
74 232 1
34 5 11.7266
394 182 2
155 2 11.5055
188 2 11.5055
247 561 1
46 2 12.2415
317 803 1
62 1 10.3518
563 624 1
85 3 11.5162
226 275 1
9 2 11.9215
936 716 1
61 2 13.4626
217 281 1
101 2 10.3859
1109 111 1
131 2 13.4626
1110 1111 1
101 1 10.3518
351 133 1
101 1 10.3518
2 128 1
101 1 10.3518
369 7 1
101 1 10.3518
239 564 1
158 3 13.1509
13 436 1
101 2 13.0013
1069 1112 1
30 4 19.3484
369 891 1
101 1 10.3518
95 36 1
142 3 11.784
841 57 1
177 1 9.84098
1038 32 2
196 4 14.7814
52 2 11.1808
906 77 1
57 5 13.1576
859 87 1
174 4 10.9825
810 630 1
174 2 13.0013
16 80 1
174 2 15.395
146 174 1
174 4 20.3528
270 1044 1
90 3 13.0304
183 1113 1
206 1 10.3518
114 927 3
145 3 11.7271
10 3 11.7271
17 3 11.7271
579 831 1
15 2 11.4347
237 473 1
149 1 10.3518
232 232 1
84 3 10.0882
472 440 2
145 3 10.7743
130 2 9.0246
428 1114 1
52 2 13.4626
1115 307 2
22 4 14.3042
166 2 10.8198
256 291 1
31 3 10.8929
322 1069 1
30 4 19.3484
825 245 1
143 4 12.1618
110 218 3
90 2 13.4626
59 5 19.0233
83 2 13.4626
187 215 1
8 2 11.367
815 114 1
88 2 12.2415
111 1116 1
58 5 12.8926
23 464 1
8 2 14.1349
299 32 4
196 3 12.2062
5 3 12.2062
178 2 10.224
110 2 10.224
526 285 1
8 3 16.8753
612 177 1
8 4 19.3484
1117 697 1
130 1 9.84098
39 209 1
3 3 10.9106
1118 1119 1
110 2 14.1349
308 50 1
160 2 10.9143
497 35 1
15 2 12.3655
330 911 1
107 1 9.84098
583 138 1
104 2 11.0684
547 172 1
174 2 13.0013
1120 217 1
149 1 10.3518
867 1121 1
23 4 11.7405
1122 55 1
145 2 11.5055
100 973 1
189 3 12.0318
932 571 1
124 2 11.4347
380 1046 1
124 2 11.5055
737 448 1
97 2 15.395
1123 661 1
124 2 13.4626
504 430 2
170 2 13.7611
124 2 13.7611
1124 489 1
124 2 13.7611
155 127 1
2 3 11.9988
173 425 1
33 3 12.0653
179 83 1
85 1 10.3518
173 50 1
33 2 12.2415
130 355 1
128 2 13.2142
423 1125 2
200 1 9.25316
33 2 13.7611
114 434 1
180 3 11.097
1114 982 1
3 1 10.3518
206 39 1
25 3 12.4409
39 1126 1
122 2 11.9215
1127 1128 1
0 1 9.50449
1129 32 1
63 2 11.1235
478 381 1
93 3 11.3501
1130 534 1
161 2 12.3655
588 1049 1
12 2 11.8285
45 939 1
49 1 10.3518
701 145 1
180 2 11.0153
765 318 2
5 2 10.5295
161 3 12.5709
694 596 3
149 3 11.672
58 3 11.672
80 3 11.672
104 391 1
86 2 11.5055
1131 439 1
92 1 8.88539
90 738 1
86 2 14.6353
1132 1133 1
67 1 10.3518
381 195 1
115 5 15.7989
307 940 1
22 2 14.1349
1134 452 1
147 1 9.84098
946 983 1
85 2 11.9215
116 241 1
83 2 10.7747
326 898 1
161 5 16.4736
601 156 1
204 9 13.5165
1135 76 1
89 3 16.8753
1136 1137 1
156 1 10.3518
76 1138 1
156 1 10.3518
2 1134 1
156 1 10.3518
130 1083 1
156 1 10.3518
197 1139 1
156 1 10.3518
251 1140 1
156 1 10.3518
642 885 1
156 1 10.3518
381 1138 1
156 1 10.3518
775 761 1
156 1 10.3518
103 73 1
175 2 10.0232
1075 212 1
156 2 13.2142
1138 251 1
156 3 13.825
1141 642 1
156 3 15.522
492 682 1
181 1 10.3518
337 13 1
65 2 10.8663
169 74 1
2 3 10.4731
317 481 1
196 2 10.4923
9 704 1
203 3 13.6516
11 513 1
196 2 11.367
25 501 1
196 3 12.9731
232 1142 1
196 2 14.6353
642 535 1
148 2 11.0153
182 285 1
8 2 10.8663
127 371 1
192 1 10.3518
881 212 3
59 5 13.7828
25 6 14.4458
24 18 17.2043
746 712 1
61 3 10.4186
2 229 1
92 2 10.6068
451 547 3
27 2 14.1349
73 2 14.1349
54 2 14.1349
232 564 1
84 2 9.48802
294 562 1
84 1 9.84098
450 312 1
84 1 10.3518
299 520 5
148 2 10.456
194 3 12.4832
146 2 10.456
69 3 12.4832
84 2 10.456
556 822 1
127 1 10.3518
1143 1144 1
143 6 12.8106
66 432 1
64 2 9.91961
283 733 1
164 10 11.932
87 606 1
126 6 12.6576
1145 952 1
6 1 9.05246
648 156 1
6 3 9.28329
110 39 2
105 4 10.1798
94 8 12.1335
1146 1085 1
82 2 12.5008
1147 902 1
6 1 10.3518
815 526 1
192 2 10.9639
143 220 1
72 2 9.68826
25 36 1
111 3 14.7629
302 470 1
119 5 11.691
967 716 1
202 2 15.395
2 1058 1
92 1 9.84098
48 803 1
141 1 10.3518
242 93 1
153 2 10.106
50 39 2
27 2 9.75398
73 2 9.75398
324 580 1
194 3 10.6324
111 746 1
207 2 12.8151
291 440 3
27 2 10.5295
73 2 10.5295
54 2 10.5295
114 436 10
155 7 12.3796
7 5 11.4056
14 7 12.3796
188 4 10.671
47 9 12.9961
33 8 12.719
32 3 9.63658
27 5 11.4056
73 5 11.4056
54 4 10.671
50 87 8
155 4 12.5937
7 4 12.5937
158 8 15.0106
32 2 9.52598
27 4 12.5937
79 3 11.3729
73 4 12.5937
54 5 13.4606
84 364 1
146 1 10.3518
339 209 1
122 3 11.784
988 209 1
184 2 12.8151
427 100 2
123 2 9.97052
12 2 9.97052
79 10 2
196 2 10.6068
2 3 12.6633
884 506 1
149 2 14.6353
781 1148 1
45 1 9.84098
236 397 1
130 2 9.34518
186 562 1
148 2 12.8151
125 1149 1
7 2 11.367
736 1150 1
176 1 10.3518
1151 709 1
49 2 10.4923
1152 799 1
182 2 9.73175
1153 440 1
144 3 18.3798
700 186 1
175 2 11.8285
676 303 1
90 3 12.0995
1154 114 1
144 2 13.4626
444 865 2
201 2 13.7611
68 2 13.7611
523 1155 1
101 3 11.0581
414 520 2
120 3 9.87774
100 12 13.9283
713 701 1
31 1 10.3518
82 1059 2
11 2 11.367
34 4 15.0276
1156 90 10
202 6 16.3925
67 7 16.9757
201 10 18.1373
157 7 16.9757
89 12 18.6332
68 8 17.4411
4 11 18.4045
86 12 18.6332
117 11 18.4045
166 7 16.9757
7 205 2
136 2 13.0013
31 2 13.0013
205 567 2
139 2 13.7611
31 2 13.7611
841 345 1
92 2 10.4205
1157 472 1
120 2 12.8151
1158 1159 1
80 1 10.3518
824 542 1
154 1 9.84098
151 799 1
66 2 11.5055
431 272 1
181 1 9.84098
79 42 1
29 2 12.0207
560 7 1
111 2 10.4205
141 1134 2
147 2 10.3521
66 2 10.3521
1160 492 2
150 1 9.50449
114 1 9.50449
597 425 1
167 2 10.6068
463 520 1
163 5 14.4907
1161 35 1
137 2 14.6353
781 857 1
34 2 11.8285
282 1058 1
34 4 12.0429
232 603 1
34 2 13.7611
228 16 1
56 2 12.8151
827 520 1
34 7 22.4463
351 733 3
116 3 11.097
183 3 11.097
160 4 12.2882
488 604 1
84 1 9.25316
534 683 1
31 2 12.6497
21 85 1
75 10 15.7391
125 761 1
162 2 13.0013
605 556 1
11 1 9.50449
90 594 1
4 2 14.6353
27 26 2
146 2 11.8285
154 2 11.8285
90 712 1
157 1 10.3518
241 375 1
148 3 15.7761
653 1162 1
149 2 9.87038
350 237 2
149 2 10.0232
109 3 11.9665
1086 494 7
51 18 15.0746
90 9 13.7608
82 16 14.8968
59 13 14.5407
25 20 15.22
83 19 15.1508
176 11 14.2112
1163 1164 2
106 2 10.8198
108 2 10.8198
1156 156 10
202 6 15.1877
67 7 15.7281
201 11 17.0519
157 7 15.7281
89 12 17.2638
68 8 16.1594
4 11 17.0519
86 12 17.2638
117 11 17.0519
166 7 15.7281
417 357 1
149 1 10.3518
596 448 1
37 6 19.2551
2 785 1
132 1 10.3518
339 142 1
39 3 11.9036
449 74 1
107 1 9.84098
299 771 1
26 2 14.6353
241 547 1
130 1 9.50449
1165 197 1
189 2 13.0013
1166 459 1
5 1 10.3518
494 944 1
83 4 11.4783
74 2 1
55 3 13.7362
1122 750 1
17 2 12.8151
914 339 1
11 2 11.6582
1167 541 1
28 1 10.3518
46 186 1
19 8 13.9937
1168 1169 2
87 2 10.3859
163 7 15.929
100 875 1
58 1 10.3518
945 547 1
130 1 9.84098
441 253 1
50 1 9.50449
657 455 1
24 15 10.4404
928 1137 1
62 1 9.25316
90 1170 1
68 2 15.395
1171 1172 1
181 1 9.84098
1076 1173 1
102 1 10.3518
725 463 1
163 2 10.4923
1145 114 1
84 1 9.50449
470 314 1
119 3 11.7554
496 458 1
44 1 10.3518
826 1174 1
50 1 10.3518
427 368 1
119 2 12.5008
710 810 1
22 4 16.1836
1162 690 1
191 3 15.7761
315 281 1
38 5 12.8112
444 898 1
4 2 12.8151
381 803 1
13 1 10.3518
205 308 1
197 2 12.6497
205 5 1
197 2 13.4626
1003 878 1
197 2 14.1349
1023 1175 1
197 2 14.6353
405 271 1
197 3 14.9245
536 405 1
197 6 21.6751
1000 69 1
99 2 11.9215
308 1115 1
22 4 15.6376
579 46 1
132 2 12.0207
271 57 2
42 2 8.39487
206 4 11.0983
87 600 1
206 2 11.3023
661 221 1
93 1 10.3518
1176 983 1
95 1 9.50449
57 430 1
157 2 11.5055
2 600 1
18 2 12.8151
1177 633 4
51 5 16.9857
59 3 14.3512
25 2 12.0207
83 7 18.4362
1178 1179 1
140 1 9.50449
797 444 1
89 2 15.395
41 468 1
148 3 10.432
212 608 1
117 2 14.1349
413 762 1
63 2 11.8285
891 543 1
161 2 11.0153
701 526 1
3 2 10.9143
190 290 1
157 1 10.3518
304 554 1
157 2 10.6471
219 238 1
43 3 12.3591
1180 803 1
141 1 10.3518
600 558 1
141 1 10.3518
968 541 1
89 2 15.395
282 1181 1
141 1 10.3518
1097 1182 1
89 3 16.8753
215 820 1
141 2 10.7309
440 1183 1
141 3 10.8411
505 247 1
141 3 13.6516
1050 458 1
147 1 9.50449
387 776 1
159 1 9.84098
554 158 1
81 2 13.2142
1019 91 1
159 1 10.3518
931 1184 1
159 1 10.3518
355 1185 1
108 1 10.3518
116 1067 1
51 2 12.5008
1186 1187 1
192 1 10.3518
25 318 1
161 2 11.6582
1188 104 1
159 1 10.3518
121 661 1
33 2 10.0232
25 1012 1
154 2 15.395
90 414 1
67 1 10.3518
174 93 2
27 2 13.2142
73 2 13.2142
315 109 1
40 2 12.6497
1169 597 2
87 2 9.89479
163 7 15.1757
130 454 1
159 2 13.7611
13 596 1
206 2 10.2867
464 454 1
139 2 14.1349
130 75 1
139 2 14.6353
1158 723 1
139 2 15.395
205 38 1
139 3 15.7761
723 156 1
139 4 18.6868
75 616 1
139 7 21.6788
1189 1008 1
70 3 12.2062
916 1190 1
102 2 11.4347
1191 1114 1
150 1 9.05246
701 661 1
121 4 12.8367
1099 1033 2
164 2 12.3655
71 3 14.7629
1142 892 1
121 2 13.2142
955 831 1
160 2 11.9215
1192 1193 1
85 1 10.3518
421 831 1
74 2 11.2403
719 84 1
121 6 14.3804
720 879 1
121 2 14.6353
901 383 3
121 4 15.7606
198 3 14.2328
164 2 11.9215
289 117 1
6 1 9.84098
187 880 1
137 4 12.7523
35 56 1
96 2 12.3655
1016 1194 1
72 1 10.3518
195 36 1
136 3 11.7554
158 925 1
126 1 10.3518
579 622 1
75 11 16.8041
158 156 7
77 12 16.0044
139 8 14.9805
152 13 16.1745
26 14 16.3231
126 13 16.1745
81 9 15.3069
44 8 14.9805
917 156 1
60 4 12.725
50 747 1
164 2 12.5008
605 421 1
78 1 10.3518
187 246 1
153 3 10.8929
291 336 5
201 3 13.4195
20 6 16.647
89 8 17.712
4 3 13.4195
166 2 11.2403
786 1028 1
35 2 10.5677
477 218 1
82 2 13.4626
25 9 1
100 4 12.8657
250 115 1
144 2 12.6497
46 209 1
55 3 14.3512
603 186 1
118 2 12.3655
1195 156 1
115 2 14.1349
660 569 1
60 2 10.5295
1196 142 1
191 2 11.5055
390 156 2
169 6 12.3801
66 4 11.0512
90 868 2
89 3 14.9245
4 2 12.5008
273 555 1
154 1 9.50449
430 641 1
144 2 11.5055
120 50 1
71 2 11.7409
974 352 1
111 3 16.0727
1197 32 2
120 3 10.9284
29 4 12.1015
642 187 1
29 2 13.7611
274 941 1
45 1 10.3518
253 146 2
167 2 10.0503
80 2 10.0503
904 1198 1
132 3 10.4456
480 478 1
137 2 13.0013
469 231 1
123 2 9.68826
955 396 1
109 1 9.84098
1199 142 1
168 1 10.3518
535 718 1
129 2 11.5055
521 339 1
182 1 9.05246
395 751 1
184 4 16.3476
204 100 1
123 2 12.8151
1123 213 1
75 2 11.6582
501 117 1
99 2 10.7309
381 1200 1
98 1 9.50449
771 501 1
178 1 9.84098
355 803 2
46 4 17.7981
104 3 16.0727
84 339 2
15 2 12.127
135 3 14.4781
317 637 1
13 1 9.50449
497 271 1
17 3 11.1368
11 1201 1
178 1 10.3518
1187 227 1
192 1 10.3518
173 182 3
174 2 12.8151
135 2 12.8151
172 2 12.8151
158 9 1
126 1 10.3518
217 1040 1
176 2 12.0207
158 311 2
152 2 14.6353
26 3 17.4728
467 81 1
109 3 12.4409
1003 570 1
104 2 10.6884
355 8 1
68 2 12.3655
813 393 1
38 2 12.6497
939 1202 1
107 1 10.3518
761 529 1
162 6 16.0243
342 570 1
42 1 8.50583
1203 879 2
183 2 12.0207
160 2 12.0207
222 119 1
79 3 10.6174
2 206 1
25 3 11.4431
554 215 1
153 8 10.4757
1204 206 1
46 2 10.6884
414 675 2
90 3 14.2328
60 2 11.9215
114 586 1
155 6 11.9868
72 1205 1
183 2 12.6497
1206 1207 2
167 8 11.5992
21 6 10.9018
369 1208 1
38 2 15.395
1182 1110 1
89 3 16.8753
899 289 1
6 2 9.82272
1209 217 1
91 2 10.456
436 413 1
7 1 10.3518
393 1032 1
7 1 10.3518
1149 413 1
7 2 14.1349
492 49 1
7 2 14.1349
152 1157 1
138 10 11.9963
904 144 1
138 3 12.8114
635 215 1
171 1 6.96089
1210 121 1
93 1 10.3518
55 87 1
180 2 10.4205
25 121 1
138 2 14.1349
150 187 4
28 3 10.9463
184 4 12.1214
8 4 12.1214
137 6 13.579
682 290 1
84 2 10.4923
472 114 1
151 3 10.663
221 407 1
84 2 10.3521
1059 472 1
144 3 12.1699
56 1211 1
39 1 10.3518
157 313 1
76 1 10.3518
316 2 4
175 2 10.6884
173 5 15.1032
132 6 15.8297
66 5 15.1032
642 810 1
193 1 9.25316
174 346 2
185 2 11.9215
33 2 11.9215
579 478 1
57 5 16.0621
325 1212 1
80 1 10.3518
1213 932 1
104 1 10.3518
1214 766 1
127 2 13.4626
3 879 1
114 1 9.84098
810 495 1
172 1 9.50449
534 246 1
203 2 11.1808
1215 406 2
61 3 11.4193
172 2 9.56492
713 75 1
57 3 12.9731
851 1216 1
147 1 9.50449
648 734 1
6 3 10.5011
1217 776 1
172 1 10.3518
470 115 1
88 2 13.2142
1184 174 4
61 5 13.6899
188 3 11.5666
135 6 14.3484
172 3 11.5666
174 401 3
61 2 11.8285
112 2 11.8285
172 2 11.8285
713 451 1
28 1 10.3518
413 151 1
112 2 12.6497
745 127 1
119 2 11.0153
1059 993 1
11 1 9.84098
339 642 1
29 21 14.8858
1218 315 1
176 3 15.7761
232 425 1
146 2 13.2142
25 800 1
193 1 9.25316
29 107 2
150 2 10.6884
114 2 10.6884
781 1219 1
193 1 9.84098
1220 1221 1
193 1 10.3518
585 1220 1
193 1 10.3518
642 1222 1
193 1 10.3518
950 437 1
193 1 10.3518
628 1006 1
193 1 10.3518
1006 1067 1
193 1 10.3518
1223 1085 1
13 2 14.1349
283 63 1
121 5 20.6803
686 725 1
21 1 10.3518
25 227 5
111 7 11.2897
9 5 10.4015
146 8 11.5992
150 7 11.2897
114 7 11.2897
34 868 1
89 3 18.3798
1224 440 1
168 2 11.8285
767 1225 1
43 2 11.1808
923 67 1
74 1 10.3518
227 172 1
172 2 9.54532
49 485 2
207 2 11.6582
117 2 11.6582
48 666 1
90 2 13.0013
1226 925 1
115 6 16.9349
750 1154 1
57 3 12.7113
447 920 1
57 3 12.9175
713 407 1
57 3 13.0896
388 924 1
23 1 10.3518
447 85 1
57 2 13.7611
346 1181 1
21 1 10.3518
946 1227 1
6 1 10.3518
815 378 1
57 6 20.3804
153 1012 1
171 1 7.2754
1228 1012 1
23 1 10.3518
1095 803 1
171 1 7.68882
92 1229 1
168 1 10.3518
374 186 1
148 5 11.0648
123 853 1
171 1 8.15435
25 1157 1
120 5 11.7147
314 156 1
196 8 10.371
136 911 1
171 1 8.88539
1230 121 1
98 1 9.50449
1231 442 1
118 2 11.9215
158 502 1
126 1 10.3518
803 534 1
171 1 9.50449
716 531 1
171 1 9.84098
622 180 2
67 2 11.3023
166 2 11.3023
227 598 1
98 3 9.86784
1232 526 1
8 3 12.3591
1233 610 1
98 1 10.3518
1234 1235 1
98 1 10.3518
758 425 1
10 2 11.4347
195 63 1
98 2 10.6471
173 87 1
144 4 11.4928
369 229 1
147 2 14.6353
447 812 1
98 3 12.4832
43 186 1
205 2 12.127
369 971 1
162 2 14.6353
355 596 1
149 2 9.84636
1236 547 1
159 1 10.3518
1237 312 1
134 2 12.8151
1238 410 1
65 4 12.1015
212 75 1
176 1 10.3518
212 974 1
176 1 10.3518
76 35 1
76 2 11.5055
297 1043 1
176 1 10.3518
1052 77 1
3 4 12.1415
801 571 1
201 7 14.109
1239 50 1
63 2 14.1349
6 1240 1
0 1 9.50449
80 49 1
119 2 10.7747
804 831 1
71 3 12.0653
592 478 1
137 2 11.9215
1241 1242 1
0 1 10.3518
13 564 2
9 11 17.0003
52 3 12.2062
665 1243 1
95 2 11.8285
1244 63 1
12 1 9.84098
39 766 2
184 8 13.7868
97 8 13.7868
659 621 1
201 3 14.0172
401 114 1
15 2 11.8285
737 9 1
37 8 12.742
121 602 1
154 1 9.84098
489 156 1
162 26 13.1324
9 481 1
178 1 9.84098
785 88 1
92 1 9.50449
31 1245 1
199 1 8.50583
1106 674 1
55 2 13.7611
387 194 1
67 2 11.0153
283 570 1
10 7 18.4362
195 138 2
123 4 12.1823
12 3 11.0014
470 32 1
84 1 9.25316
753 242 1
111 1 10.3518
131 211 1
16 3 15.7761
880 134 1
111 1 10.3518
299 426 1
111 1 10.3518
1246 241 1
154 2 11.8285
753 1247 1
111 1 10.3518
1052 974 1
111 4 10.8103
7 339 1
111 3 13.5708
426 851 1
195 2 11.1235
407 1036 1
138 1 10.3518
694 635 1
153 2 10.224
1116 287 1
58 2 13.0013
656 1248 1
18 1 9.50449
315 2 31
195 5 13.488
175 12 16.0691
131 15 16.5208
92 11 15.8719
173 13 16.2399
156 12 16.0691
189 21 17.069
169 12 16.0691
106 6 14.1367
98 3 11.3959
18 10 15.6415
55 18 16.8362
113 9 15.3688
101 11 15.8719
142 23 17.1931
19 25 17.2987
191 18 16.8362
108 6 14.1367
170 14 16.3891
129 8 15.0411
124 15 16.5208
16 20 16.9985
162 5 13.488
132 15 16.5208
140 9 15.3688
115 17 16.7422
147 15 16.5208
66 5 13.488
40 5 13.488
78 10 15.6415
125 15 16.5208
745 356 1
69 8 12.9347
745 879 1
75 2 11.1808
117 916 1
103 3 9.8482
1249 436 1
20 4 18.1926
247 24 1
42 1 8.61708
661 423 1
191 2 10.5295
306 227 1
191 2 12.3655
306 501 1
191 2 14.6353
2 870 1
191 2 14.6353
158 766 1
168 1 9.84098
27 766 1
139 3 16.0727
183 470 1
206 2 12.3655
53 590 1
46 4 14.7057
630 128 2
51 2 11.5055
24 2 11.5055
401 595 1
15 3 14.4781
774 89 1
169 2 10.6068
597 821 1
87 4 13.7763
416 57 1
13 2 9.77654
800 331 1
25 2 15.395
1207 345 1
167 1 9.84098
130 980 1
157 2 10.6884
630 247 1
174 2 14.1349
174 831 1
14 3 13.4195
374 1250 1
18 1 10.3518
1251 51 1
119 2 12.3655
242 1252 1
127 1 9.84098
505 280 1
65 2 10.6068
554 803 2
65 4 10.6142
72 5 11.3449
227 215 1
65 9 11.0668
2 1033 5
131 2 11.7409
106 2 11.7409
55 2 11.7409
108 2 11.7409
132 2 11.7409
355 1253 1
65 2 11.8285
84 16 16
61 3 11.4671
187 5 13.5722
107 9 15.4648
56 4 12.698
128 8 15.135
112 10 15.7391
145 6 14.225
15 4 12.698
63 6 14.225
10 7 14.7311
135 7 14.7311
179 4 12.698
17 4 12.698
74 6 14.225
205 6 14.225
130 3 11.4671
227 218 2
59 2 10.5295
176 2 10.5295
227 803 2
65 6 13.694
46 6 13.694
971 407 1
146 2 11.367
138 570 1
120 3 10.487
300 1049 1
53 1 9.50449
294 495 1
134 1 10.3518
205 227 1
204 7 15.2138
584 430 1
93 2 11.7409
1061 417 1
152 9 17.9099
1254 172 1
102 1 10.3518
75 766 1
28 2 13.7611
951 78 1
207 2 13.4626
628 745 1
5 1 10.3518
9 187 3
152 9 14.5527
126 6 13.386
37 8 14.2423
37 655 1
163 8 11.4808
475 50 1
96 2 13.4626
582 194 1
68 2 14.6353
90 443 1
117 1 10.3518
296 1255 1
91 3 11.784
183 1036 1
206 2 10.8198
656 287 1
104 4 12.7523
737 217 1
115 5 14.8787
39 73 1
199 2 7.7462
231 1256 1
45 1 9.84098
427 556 1
70 3 9.64528
85 808 1
25 10 11.43
1257 838 1
202 3 11.1774
1112 120 1
30 1 10.3518
9 63 1
115 3 11.2833
843 195 1
124 2 14.6353
222 182 1
30 1 10.3518
1258 507 1
30 1 10.3518
176 768 1
167 1 9.84098
1259 916 1
51 2 11.9215
393 520 1
5 2 9.34518
1260 541 1
30 2 14.1349
611 508 1
30 2 14.6353
7 1261 1
30 2 15.395
1092 603 1
200 2 11.2403
7 554 1
30 3 17.4728
1010 7 1
30 3 18.3798
79 766 1
97 2 15.395
1143 163 1
2 2 11.2403
945 63 1
186 3 12.5265
145 312 1
160 2 11.8285
592 1262 1
141 2 13.2142
63 355 1
104 7 12.8892
141 23 2
105 5 12.0767
94 7 13.108
136 283 1
121 7 13.4015
985 355 3
131 5 12.3632
55 6 12.9579
191 6 12.9579
1263 1264 1
12 1 9.84098
1265 621 1
166 2 11.9215
780 225 2
9 7 14.2306
154 2 9.27857
312 624 1
146 3 10.9106
308 881 1
25 2 12.6497
1079 1266 1
2 1 10.3518
206 831 1
12 2 9.68826
963 100 2
123 3 13.3485
69 2 11.1808
1267 938 1
76 2 9.77654
1247 423 1
48 3 11.4671
90 545 1
157 1 10.3518
327 972 2
105 3 12.1699
94 8 16.0626
73 348 1
135 2 12.2415
444 39 2
202 3 14.7629
20 3 14.7629
2 1025 1
124 2 14.1349
174 308 1
49 2 11.4347
1268 177 1
4 3 12.3995
1251 522 1
192 1 10.3518
701 1269 1
60 1 10.3518
847 534 1
60 2 14.6353
1270 55 1
185 2 10.5295
227 1271 1
119 3 11.0014
1272 1095 1
177 1 9.84098
713 36 1
115 5 11.4682
868 1135 3
89 9 14.8875
68 5 13.0655
166 3 11.039
198 665 1
95 1 9.84098
114 916 2
32 5 10.265
102 4 9.60391
205 455 1
26 2 15.395
547 440 8
41 4 12.4946
56 3 11.2833
128 5 13.3547
174 4 12.4946
112 4 12.4946
135 5 13.3547
179 3 11.2833
205 6 13.9971
85 256 1
95 2 10.6068
393 375 1
29 2 14.6353
248 50 1
63 6 19.2551
114 440 2
187 2 10.5295
179 2 10.5295
880 138 1
39 2 13.7611
599 1273 1
6 2 12.127
371 115 1
79 3 14.4781
570 1274 1
180 1 10.3518
355 218 3
82 2 11.9215
83 2 11.9215
176 2 11.9215
196 369 1
162 4 18.1926
247 53 1
42 2 9.87038
161 925 1
118 2 11.9215
1275 1276 1
22 2 13.7611
257 1051 1
22 2 13.7611
986 114 2
14 2 14.1349
22 2 14.1349
754 1277 1
22 2 15.395
512 5 1
22 2 15.395
754 387 1
22 3 15.522
549 983 1
127 1 9.84098
1278 228 2
161 2 10.8198
39 2 10.8198
39 62 1
37 2 12.2415
750 452 1
15 2 11.0684
1244 624 1
123 3 11.6993
523 847 1
199 1 10.3518
955 598 1
70 2 12.3655
1101 417 1
122 3 10.4731
1279 1249 1
20 5 17.6642
13 1183 1
80 1 9.84098
355 397 1
51 2 10.7309
74 555 1
62 2 10.1346
953 129 1
94 3 14.1217
594 82 1
10 2 11.1235
50 459 1
155 2 12.3655
158 152 1
126 4 18.1926
710 355 2
15 2 11.367
63 2 11.367
458 135 1
32 4 12.5435
383 720 3
121 4 15.7606
198 3 14.2328
164 2 11.9215
1057 426 2
87 2 9.32824
64 2 9.32824
394 172 1
174 2 12.2415
25 228 1
5 1 9.50449
635 881 1
59 2 12.8151
275 526 2
184 4 16.9421
3 2 12.8151
1280 1157 1
138 1 10.3518
182 685 1
118 2 14.1349
1036 110 1
146 2 10.4923
138 136 1
121 3 13.2801
766 443 1
199 2 8.25712
496 501 1
199 1 8.61708
157 522 1
199 1 8.74227
611 631 1
199 1 9.05246
39 1281 1
199 1 9.84098
970 1282 1
199 1 9.84098
1282 518 1
199 1 10.3518
891 184 1
46 2 10.8198
213 184 1
46 2 10.9639
56 57 1
46 5 13.8471
346 854 1
199 3 14.6148
6 694 1
149 2 10.5295
848 1283 1
178 1 9.84098
302 513 1
80 1 10.3518
1284 870 1
2 1 10.3518
580 787 2
90 5 13.8471
82 5 13.8471
647 922 1
45 1 10.3518
493 1285 1
172 1 9.84098
337 748 1
65 2 14.6353
939 1256 1
193 1 9.50449
738 554 1
166 2 10.8198
1286 74 1
177 1 10.3518
1129 828 1
169 1 10.3518
84 1287 1
17 2 15.395
792 1288 1
104 5 10.7484
197 713 1
207 2 12.127
91 725 1
62 1 9.84098
355 972 1
94 3 12.9175
125 222 1
161 2 10.9143
787 775 2
90 5 13.8799
82 5 13.8799
975 195 1
201 2 14.6353
63 80 3
187 2 12.127
63 2 12.127
179 2 12.127
308 1060 1
110 1 9.50449
25 564 1
110 1 9.50449
367 603 1
110 1 9.50449
200 445 1
110 1 9.50449
213 1229 1
110 1 10.3518
1289 564 1
110 1 10.3518
810 1290 1
110 1 10.3518
229 396 1
110 1 10.3518
25 516 1
110 2 10.9639
32 1118 1
110 2 13.7611
1175 839 1
197 5 19.445
240 179 1
186 1 10.3518
116 85 1
25 9 12.0654
104 477 4
41 6 11.9542
187 4 10.671
144 5 11.4056
179 4 10.671
413 564 2
52 3 9.99044
154 3 9.99044
1095 1291 1
72 1 9.50449
1249 156 1
20 12 13.434
312 477 1
102 2 12.2415
173 1292 1
188 1 10.3518
125 610 1
188 5 11.0735
76 1003 1
188 2 12.3655
25 244 1
193 2 12.0207
145 1184 1
188 2 14.6353
416 1293 1
186 1 10.3518
145 1151 1
49 1 10.3518
594 81 1
34 6 12.2047
1121 749 1
23 2 11.6582
869 1294 1
197 3 15.7761
380 75 1
55 2 11.5799
1295 609 1
21 2 11.4347
966 156 1
39 1 10.3518
343 596 1
76 2 10.7747
145 410 21
116 6 15.2826
151 3 12.3196
183 8 16.2603
7 3 12.3196
121 11 17.1584
198 3 12.3196
160 5 14.5812
36 8 16.2603
96 8 16.2603
35 3 12.3196
14 12 17.3716
49 8 16.2603
88 3 12.3196
47 7 15.8264
33 2 10.319
102 3 12.3196
27 6 15.2826
79 6 15.2826
71 3 12.3196
73 6 15.2826
54 5 14.5812
55 145 1
54 2 10.4205
56 145 2
36 2 11.6582
144 3 13.9185
10 520 1
193 4 10.8311
624 221 1
113 2 12.3655
403 522 1
48 1 10.3518
110 160 2
90 2 12.127
82 2 12.127
41 771 1
62 1 9.84098
1296 526 1
82 2 12.5008
494 214 2
51 2 14.6353
82 2 14.6353
494 455 1
82 2 15.395
1188 803 1
13 1 9.50449
896 156 1
13 9 9.68824
1297 789 1
13 1 9.84098
1298 215 1
13 1 9.84098
401 1054 1
13 1 10.3518
538 729 1
195 2 10.6471
416 803 1
13 1 10.3518
896 157 1
13 1 10.3518
19 32 1
119 2 11.8285
41 367 1
53 1 9.84098
244 754 1
29 5 17.6642
1215 384 1
147 2 10.8198
271 897 1
154 1 9.25316
256 114 3
183 3 11.1981
102 4 12.4002
54 2 9.37963
627 25 1
120 1 10.3518
374 32 1
182 2 9.91961
1036 1299 1
3 1 10.3518
766 405 4
184 11 15.5391
3 3 11.157
97 11 15.5391
48 6 13.8403
478 713 2
3 3 11.1981
37 11 15.5964
1300 490 1
176 2 11.8285
1068 642 1
3 2 13.7611
1043 212 1
90 3 12.0995
37 152 1
138 2 12.5008
374 325 1
180 1 10.3518
77 906 1
3 3 16.0727
680 656 3
180 7 11.1877
99 7 11.1877
165 7 11.1877
371 480 1
3 4 17.4696
117 55 1
180 2 14.6353
1154 713 1
57 4 13.6858
523 1278 1
161 2 15.395
999 119 1
80 1 10.3518
557 156 1
173 3 12.2062
1301 284 1
32 1 9.50449
1302 111 1
41 3 11.9036
390 275 1
66 1 10.3518
514 819 1
0 3 8.92878
256 483 1
113 11 11.3697
360 50 3
116 3 13.825
183 4 15.309
164 8 18.2471
1303 1174 1
100 1 9.84098
296 1304 1
194 1 10.3518
464 860 1
8 2 13.4626
103 469 1
58 1 9.84098
1056 520 1
53 2 11.8285
50 296 7
131 6 11.6527
18 4 10.4018
142 7 12.0673
124 6 11.6527
132 4 10.4018
140 6 11.6527
125 7 12.0673
955 1305 1
178 1 9.84098
76 513 1
203 3 11.157
904 391 1
203 2 11.2403
804 160 1
203 3 11.8428
151 1306 1
85 1 10.3518
160 436 1
203 5 18.6722
137 1307 1
89 2 15.395
218 127 1
51 2 10.7747
1066 765 1
107 1 10.3518
564 452 1
113 2 11.7409
291 529 1
113 2 11.8285
2 246 3
113 2 11.8285
19 6 17.5181
115 7 18.1414
1297 916 1
42 1 8.61708
710 15 3
187 3 11.3959
88 6 14.1367
112 4 12.6192
737 100 2
123 2 10.9639
12 3 13.0896
632 84 1
131 4 17.4696
250 520 1
193 1 9.25316
1120 344 1
42 1 9.25316
505 1181 1
42 1 9.84098
100 803 6
42 2 12.3655
62 4 16.3476
109 3 14.7629
21 3 14.7629
163 2 12.3655
64 9 19.9096
174 144 1
185 2 11.6582
241 176 1
1 2 9.79946
90 944 1
86 2 14.6353
547 15 14
61 3 10.6174
187 7 13.6395
107 5 12.5664
56 5 12.5664
128 13 15.1303
112 11 14.7875
145 12 14.9712
63 15 15.392
10 14 15.2694
135 8 14.0135
17 5 12.5664
74 7 13.6395
205 16 15.5009
130 4 11.7571
343 1308 1
192 1 10.3518
1309 209 1
192 1 10.3518
880 339 1
39 2 9.94485
206 1310 1
192 1 10.3518
713 35 1
192 2 10.9639
307 734 1
166 2 10.8198
771 1171 1
92 1 10.3518
159 144 1
75 2 10.106
206 526 1
192 2 13.0013
584 206 1
192 2 13.7611
124 15 2
106 2 10.4923
108 2 10.4923
916 57 1
72 2 10.6471
237 1183 1
80 1 10.3518
1311 520 1
123 1 10.3518
1312 536 2
152 2 14.6353
26 2 14.6353
158 53 1
26 2 15.395
57 775 2
26 4 15.8917
31 2 12.0207
550 249 1
26 3 18.3798
90 227 2
202 3 14.6148
166 3 14.6148
9 158 2
152 3 17.4728
26 4 19.3484
187 205 1
26 5 20.6803
43 1313 1
190 1 10.3518
898 891 1
161 5 15.5651
76 297 1
207 4 11.4213
994 232 3
9 2 10.6471
75 2 10.6471
34 3 12.7113
1050 1314 1
30 3 12.7113
73 2 1
78 3 11.2191
158 592 1
77 1 10.3518
1315 354 1
42 2 9.87038
472 95 1
75 5 12.2996
158 1079 1
139 3 16.8753
96 505 1
75 5 12.5138
1316 977 1
92 1 8.88539
76 222 5
116 2 10.9639
151 2 10.9639
183 3 13.0896
160 2 10.9639
79 3 13.0896
1003 32 1
52 4 14.4947
2 416 3
169 3 12.5709
18 3 12.5709
16 5 14.8787
257 1271 1
182 1 9.05246
318 1317 1
92 1 8.88539
174 394 1
135 2 12.127
820 482 1
144 2 11.1235
110 1318 1
93 2 9.89479
25 754 2
150 2 11.9215
114 2 11.9215
973 734 1
105 2 10.0779
51 526 1
28 3 13.2801
179 2 1
103 2 13.4626
89 39 1
153 2 10.106
879 454 1
105 1 9.84098
509 89 1
153 1 10.3518
158 334 1
77 1 10.3518
202 172 17
151 3 10.5583
155 6 13.0976
7 5 12.4965
14 9 14.2391
49 3 10.5583
174 10 14.4917
188 4 11.6916
47 9 14.2391
33 7 13.5636
32 4 11.6916
22 8 13.9355
27 6 13.0976
164 5 12.4965
79 3 10.5583
73 6 13.0976
54 5 12.4965
165 3 10.5583
212 353 1
83 2 10.6471
82 1319 1
98 1 10.3518
246 803 1
42 1 9.25316
25 1320 1
194 1 10.3518
187 158 1
118 2 13.4626
118 426 1
118 2 14.1349
57 442 1
118 3 15.1022
460 57 2
152 5 14.404
118 8 16.0626
100 1321 1
45 1 10.3518
996 554 1
118 4 16.9421
979 160 2
26 11 19.8229
118 9 19.1947
582 924 1
35 2 10.3521
1322 658 1
45 1 9.84098
300 339 1
138 2 11.5055
630 144 1
90 6 15.2826
312 125 1
29 10 12.8518
174 630 1
56 3 11.5412
1216 570 2
173 3 10.6941
142 6 13.2661
100 836 1
143 2 12.5008
554 205 3
197 3 12.6165
136 3 12.6165
31 3 12.6165
676 42 2
29 3 14.0172
143 23 21.1478
1323 343 1
200 1 9.25316
1031 1088 1
88 2 14.6353
701 1264 1
37 3 13.2143
780 156 1
9 7 12.0096
177 763 1
74 1 10.3518
420 962 1
59 2 11.5055
322 50 4
151 2 12.2415
96 4 16.1836
27 3 14.6148
73 3 14.6148
245 195 3
148 3 10.9828
11 4 12.1618
143 4 12.1618
539 253 1
163 3 11.1168
610 499 2
188 12 11.0212
190 14 11.2407
431 954 1
0 1 9.50449
976 1324 1
45 1 10.3518
219 130 1
170 2 11.367
1325 1326 1
146 1 10.3518
944 39 1
3 3 10.487
330 172 13
61 3 13.0896
187 2 10.9639
107 3 13.0896
56 2 10.9639
128 4 14.4947
112 6 16.2377
145 3 13.0896
15 3 13.0896
17 2 10.9639
74 6 16.2377
205 5 15.4925
159 2 10.9639
130 2 10.9639
1327 1328 1
100 1 9.84098
73 49 1
117 2 11.6582
808 1052 1
3 2 13.2142
111 677 1
47 3 16.0727
149 407 1
44 4 13.4369
747 661 1
120 1 10.3518
219 1135 1
39 1 10.3518
522 150 10
192 5 13.1812
207 6 13.8152
184 11 15.5109
199 4 12.3323
122 3 11.1368
30 5 13.1812
186 9 15.0193
93 8 14.6991
137 7 14.3068
48 5 13.1812
1205 520 1
34 7 21.6788
121 392 1
115 2 11.5055
1089 109 1
129 2 14.6353
9 109 1
115 2 12.2415
109 729 1
115 4 12.7523
217 852 1
58 2 11.1235
681 7 1
169 1 10.3518
315 63 1
169 2 11.4347
571 355 1
169 5 15.7989
390 127 1
169 3 16.8753
32 681 1
169 7 18.9651
939 803 1
72 1 9.84098
413 410 2
155 2 10.4923
7 2 10.4923
407 387 1
109 3 10.3919
701 1170 1
67 1 10.3518
90 245 1
67 1 10.3518
90 346 1
67 1 10.3518
808 526 1
28 2 11.9215
586 231 1
2 3 12.0653
195 2 7
173 3 11.9988
189 4 13.2868
18 2 10.0503
142 4 13.2868
140 2 10.0503
115 3 11.9988
147 3 11.9988
1084 406 2
2 4 11.028
52 4 11.028
222 84 1
63 2 11.5055
1329 1083 1
143 2 13.7611
901 1028 3
170 5 16.3629
132 2 11.5799
125 3 13.825
839 465 1
202 2 14.1349
1315 520 1
110 4 12.0048
1163 42 1
60 1 10.3518
205 775 1
31 2 14.1349
212 51 1
25 8 13.1721
1121 1130 1
23 1 10.3518
152 339 1
138 2 11.9215
582 1330 1
46 2 14.6353
523 495 1
54 1 9.84098
9 308 1
62 2 11.1808
579 350 1
0 1 9.25316
228 626 1
206 4 12.3323
295 1189 1
70 3 9.79053
330 697 1
187 1 10.3518
332 459 1
158 3 13.2801
766 128 1
44 10 15.8065
230 407 1
98 1 9.50449
128 496 3
139 5 15.2251
126 2 10.7747
44 9 17.3483
2 488 1
147 1 10.3518
405 713 3
28 4 13.8712
57 3 12.5265
48 2 10.4923
1331 804 1
132 1 10.3518
369 227 1
38 6 14.4458
562 677 2
99 3 14.9245
165 2 12.5008
2 300 1
170 3 15.2997
970 1332 1
80 1 10.3518
1333 76 1
137 4 11.0629
35 710 1
137 3 11.3053
308 274 1
137 3 14.6148
683 150 1
137 2 14.6353
74 79 2
196 2 10.6884
2 3 12.7607
219 635 1
75 2 10.1638
220 414 1
99 3 10.6785
1117 158 1
81 1 10.3518
283 700 1
96 5 13.8471
11 339 11
196 3 11.0014
111 4 12.1823
9 8 14.5203
161 3 11.0014
11 5 13.0209
150 11 15.3223
2 3 11.0014
110 3 11.0014
12 5 13.0209
114 11 15.3223
34 6 13.6473
271 689 1
78 2 10.7309
228 477 1
120 2 10.255
227 292 1
143 7 15.2919
223 75 1
1 2 10.5295
315 1146 1
39 2 11.3023
538 858 1
132 2 12.6497
1334 1335 1
77 1 10.3518
348 122 1
47 2 15.395
114 677 1
165 5 15.9707
15 114 1
63 12 10.7749
76 803 6
149 3 14.7629
42 4 16.3476
109 2 12.3655
21 4 16.3476
153 2 12.3655
64 5 17.473
1006 1336 1
200 1 10.3518
1337 444 2
89 3 15.522
4 2 13.0013
882 1338 1
56 3 18.3798
51 184 1
64 4 9.96653
77 410 1
135 2 13.0013
406 715 1
135 2 13.0013
409 417 1
135 2 13.2142
230 271 1
135 2 13.7611
1215 1130 1
94 2 12.2415
1022 442 1
98 1 9.50449
85 153 1
94 4 13.8712
666 1215 1
94 2 14.1349
499 744 10
155 4 11.8248
7 4 11.8248
198 4 11.8248
158 4 11.8248
14 5 12.6388
76 4 11.8248
188 12 15.0574
190 11 14.8726
181 4 11.8248
164 5 12.6388
469 749 1
76 3 10.5583
144 536 2
152 2 14.6353
26 2 14.6353
624 555 1
110 2 10.1346
233 115 1
144 2 15.395
451 215 1
153 1 9.84098
270 56 1
134 2 10.1638
1198 187 1
133 3 10.1565
298 713 1
199 2 8.6077
2 501 1
18 2 9.91961
39 1339 1
28 3 10.7418
182 622 1
52 2 11.6582
183 315 1
87 2 11.4347
93 145 1
151 2 12.6497
395 879 1
102 2 9.73175
405 87 1
204 3 12.281
923 50 1
203 2 12.5008
810 436 1
116 2 11.5799
406 120 1
43 2 14.6353
74 620 1
167 1 9.84098
862 554 1
167 5 10.171
1340 414 1
167 1 10.3518
618 810 1
167 1 10.3518
1238 146 1
167 2 10.456
1207 701 1
167 2 12.3655
444 296 2
20 4 15.8917
117 2 12.0207
335 142 1
204 2 14.6353
1341 1059 1
63 3 13.825
387 2 1
189 2 11.8285
861 526 1
48 1 10.3518
831 647 1
45 3 10.7579
495 100 1
12 4 12.9249
171 46 1
19 9 13.2165
393 543 1
43 2 10.8198
1342 919 1
23 1 9.50449
187 536 1
81 5 14.5812
174 21 1
47 3 12.3196
356 314 1
196 6 15.4855
1095 281 20
149 4 13.8712
171 3 12.5265
42 7 16.0921
133 2 10.4923
58 7 16.0921
141 9 16.8936
167 3 12.5265
62 6 15.5392
65 18 18.5065
72 7 16.0921
109 4 13.8712
80 11 17.4465
13 8 16.5333
46 18 18.5065
21 8 16.5333
153 3 12.5265
163 2 10.4923
206 2 10.4923
64 16 18.2882
104 4 13.8712
302 356 1
196 6 15.7684
555 594 1
34 5 15.1032
1343 444 1
67 1 9.84098
1344 572 1
159 1 9.84098
308 1345 1
142 2 11.2403
1033 95 1
142 2 12.0207
219 352 1
142 2 13.2142
1106 647 1
91 4 15.8917
219 837 1
142 2 13.7611
683 32 2
53 3 11.9348
45 2 9.99665
492 50 1
36 2 10.9639
121 1346 1
54 1 9.84098
89 509 1
153 1 10.3518
1347 753 1
48 1 10.3518
1095 701 1
64 1 10.3518
206 896 1
13 6 11.6154
98 390 3
169 6 19.2551
66 4 17.1882
125 2 13.0013
756 766 2
170 3 13.4195
124 4 14.8601
66 803 1
64 3 13.4195
1013 1040 1
122 2 13.4626
586 745 1
69 1 10.3518
308 1348 1
103 1 10.3518
644 49 2
70 2 11.1808
167 2 11.1808
55 229 1
181 1 9.84098
955 865 1
86 3 16.0727
1349 1157 1
138 1 10.3518
1350 647 1
177 1 10.3518
917 212 1
60 2 12.3655
1287 916 1
17 2 12.0207
416 180 1
25 5 12.284
1349 1241 1
0 2 8.76081
216 526 1
122 3 15.522
973 232 1
84 6 11.3214
317 215 1
46 3 12.7113
84 230 1
107 3 12.9175
361 245 2
11 2 12.0207
143 3 14.3512
1153 472 1
178 1 10.3518
821 1206 2
167 8 11.3295
21 7 11.0271
124 64 1
87 6 10.5315
20 657 1
60 1 10.3518
704 195 1
103 1 9.84098
707 1022 1
103 1 9.84098
542 467 1
103 2 10.255
85 454 1
103 1 10.3518
145 76 12
116 6 10.922
151 5 10.4208
183 14 12.6622
198 8 11.6207
144 7 11.3106
185 5 10.4208
76 5 10.4208
180 9 11.8739
47 18 13.0076
33 4 9.74959
79 5 10.4208
165 8 11.6207
1351 834 1
103 1 10.3518
1352 561 1
103 1 10.3518
85 531 1
103 1 10.3518
271 1353 1
103 1 10.3518
1286 884 1
103 1 10.3518
85 1065 1
103 1 10.3518
85 764 1
103 3 12.8114
649 209 1
122 1 10.3518
1354 37 1
23 1 10.3518
180 232 1
50 2 9.91961
122 1023 1
47 2 15.395
1355 647 1
70 3 12.1343
134 954 2
106 3 15.7761
108 3 15.7761
554 353 1
82 2 12.8151
511 903 2
58 4 12.1823
167 4 12.1823
1122 480 1
205 2 12.6497
6 96 1
85 2 10.4205
34 174 6
61 4 13.049
135 5 13.9473
190 3 11.784
205 5 13.9473
172 3 11.784
159 5 13.9473
317 50 1
35 1 9.50449
730 573 1
35 1 9.84098
1202 927 1
169 2 13.0013
436 634 1
151 1 10.3518
417 1356 1
122 2 10.3859
371 88 1
173 1 10.3518
170 1357 1
35 2 11.8285
145 1248 1
35 2 13.4626
177 218 1
51 2 13.4626
1095 848 1
72 1 9.84098
102 315 1
55 2 11.9215
469 719 1
1 2 14.6353
916 1358 1
72 1 9.84098
187 636 1
100 2 10.2867
1359 230 1
72 1 10.3518
1360 166 1
72 1 10.3518
747 2 1
98 1 9.84098
635 1284 1
123 2 9.62532
1207 146 2
167 2 11.9215
21 3 14.2328
281 245 1
123 1 10.3518
124 478 1
28 3 14.0172
242 275 1
115 2 11.5055
431 1156 10
202 6 16.3925
67 7 16.9757
201 10 18.1373
157 7 16.9757
89 12 18.6332
68 8 17.4411
4 11 18.4045
86 12 18.6332
117 11 18.4045
166 7 16.9757
315 217 1
115 2 11.8285
859 172 1
205 2 12.2415
76 145 1
180 2 12.127
1204 115 1
96 4 14.3657
77 32 1
12 5 12.0767
744 174 2
14 6 13.6473
188 9 14.8367
1361 747 1
146 2 11.9215
1153 50 1
71 2 14.6353
485 489 1
16 2 13.7611
100 449 2
134 2 11.0684
45 3 13.2143
381 766 1
125 2 12.5008
633 156 3
51 5 14.4907
59 3 12.2432
83 7 15.7281
1246 95 1
52 2 12.6497
1362 135 1
119 2 14.6353
1066 375 1
107 1 10.3518
1363 544 1
20 3 17.4728
586 568 1
84 2 9.37963
253 172 1
102 2 10.9639
56 684 1
39 1 10.3518
361 526 2
57 7 17.2393
137 2 11.2403
539 206 1
130 1 8.88539
622 580 1
166 2 12.127
283 861 1
120 1 10.3518
241 940 1
141 2 10.3859
499 571 1
7 2 13.4626
396 339 2
148 2 10.456
75 2 10.456
1157 25 2
138 8 10.8516
193 4 9.10429
96 1299 1
5 1 10.3518
815 271 1
8 2 12.127
218 64 1
70 2 10.3521
736 36 1
158 2 11.7409
841 82 1
5 1 10.3518
765 1265 1
5 1 10.3518
744 228 1
158 3 17.4728
316 355 1
195 1 10.3518
312 1058 1
181 2 11.1235
137 1318 1
101 1 10.3518
570 562 1
142 2 11.3023
36 300 1
9 3 12.3196
74 855 1
87 1 9.50449
1085 55 1
99 2 13.2142
974 624 3
5 2 10.456
69 2 10.456
110 2 10.456
1196 695 1
87 1 9.50449
528 866 1
23 1 10.3518
13 283 1
87 2 9.54532
1279 156 1
20 5 14.3619
37 564 2
84 3 11.5924
154 4 12.8367
40 1364 1
6 2 10.7747
491 1365 1
90 2 13.0013
775 560 1
90 3 14.6148
73 1366 1
173 1 10.3518
547 528 1
174 5 17.473
230 80 2
112 3 14.1217
63 2 11.8285
410 73 1
151 6 10.5891
440 788 1
170 2 11.8285
246 470 1
206 1 10.3518
90 156 11
202 8 15.2328
67 7 14.8263
201 10 15.8409
20 9 15.5647
157 7 14.8263
89 12 16.2739
68 8 15.2328
4 11 16.0742
86 12 16.2739
117 11 16.0742
166 7 14.8263
925 1367 1
42 1 8.50583
230 440 1
61 2 11.0684
15 560 1
36 3 10.1335
230 16 4
56 2 11.3023
112 3 13.4936
145 3 13.4936
15 2 11.3023
234 481 1
50 1 9.25316
262 1368 1
50 1 9.50449
1342 85 1
72 1 9.50449
8 444 1
68 7 15.8264
1369 217 1
173 2 12.2415
17 502 1
19 2 13.2142
1190 307 1
102 2 10.224
1031 792 1
140 1 9.84098
1031 189 1
203 2 12.6497
219 1370 1
134 1 10.3518
172 697 1
128 2 15.395
455 128 2
82 5 11.6561
176 4 10.9053
1119 817 1
188 4 17.7981
124 228 1
115 10 14.5523
943 351 1
33 1 10.3518
115 145 15
116 6 11.7002
151 8 12.4487
203 9 12.7199
160 12 13.2995
96 22 14.1806
35 4 10.4442
185 11 13.1363
14 8 12.4487
49 8 12.4487
88 8 12.4487
102 10 12.9456
27 5 11.1632
79 6 11.7002
73 5 11.1632
54 5 11.1632
228 513 1
12 4 10.4272
260 158 5
77 4 16.1836
152 3 14.6148
126 13 20.8269
168 2 12.2415
44 3 14.6148
174 425 1
159 3 11.6993
570 547 1
10 9 14.6206
21 300 1
182 3 9.92809
754 870 2
110 1 9.84098
154 2 14.6353
1238 422 1
133 1 10.3518
436 1023 1
144 3 11.2191
1131 535 1
44 4 11.1588
653 625 1
133 1 10.3518
437 880 1
191 17 11.2178
77 339 1
91 2 11.0153
811 127 3
149 2 9.91961
133 2 9.91961
87 5 14.0168
1371 7 1
23 1 9.84098
766 181 1
37 2 15.395
186 812 1
105 1 9.84098
316 156 3
173 6 11.1276
132 8 11.8395
66 5 10.6169
1060 232 2
75 2 9.99665
34 3 11.9348
336 34 3
20 5 14.9879
89 8 16.7138
4 4 14.0226
932 189 1
124 2 12.127
174 734 1
203 5 13.2538
477 1174 1
136 2 10.8198
205 160 1
31 2 14.1349
50 271 1
41 2 11.7409
704 1372 1
85 1 10.3518
427 195 1
143 6 13.694
811 749 1
149 2 11.1235
704 1373 1
85 1 10.3518
212 119 1
85 2 10.3859
56 83 1
85 2 11.1235
1374 98 3
169 6 19.2551
66 4 17.1882
125 2 13.0013
345 50 7
131 6 11.6247
18 4 10.3768
142 6 11.6247
124 5 11.0912
132 4 10.3768
140 6 11.6247
125 7 12.0383
1357 1375 1
35 3 10.3142
11 576 1
148 2 12.8151
1376 101 1
41 3 11.4671
1377 167 1
19 2 13.7611
39 285 2
28 4 12.9249
48 5 13.8147
1303 632 1
100 1 9.84098
25 1264 1
1 1 9.84098
1378 414 1
180 3 13.3485
287 300 1
1 2 10.0232
1207 123 1
21 1 10.3518
719 421 1
120 2 10.0232
405 9 1
204 3 13.7362
2 86 1
189 6 13.8657
751 156 1
184 4 13.7305
218 1086 9
51 18 16.5749
90 9 15.1303
82 15 16.2643
60 3 11.2191
59 13 15.9878
25 20 16.7347
83 19 16.6586
24 3 11.2191
176 11 15.6255
257 1367 1
193 1 9.05246
582 894 1
163 8 11.4538
336 72 1
166 2 11.4347
136 974 1
57 4 15.4126
548 156 1
2 8 11.8003
393 857 1
5 1 9.50449
977 1379 1
138 1 10.3518
703 652 1
136 1 10.3518
1032 156 1
7 4 12.5435
430 763 1
76 1 10.3518
22 472 1
189 6 18.9794
137 445 1
38 2 13.7611
407 291 1
193 1 9.25316
410 543 1
191 3 12.6165
247 497 1
13 1 9.84098
35 115 2
96 4 13.6858
102 2 10.3521
25 686 1
50 1 10.3518
270 520 3
194 9 11.0721
50 5 9.71705
182 7 10.5468
104 177 1
86 3 13.7362
228 562 1
148 3 11.4193
1197 1380 1
77 1 10.3518
376 397 1
93 1 10.3518
708 596 1
42 1 8.50583
1083 990 1
156 2 14.1349
194 1381 1
68 2 13.7611
1098 811 3
205 3 11.9988
130 2 10.0503
165 2 10.0503
369 1318 1
38 4 18.1926
76 80 1
81 3 13.3485
186 520 1
148 2 10.4923
118 142 1
139 3 15.522
1382 609 1
24 1 10.3518
215 440 1
8 2 12.8151
783 123 1
178 1 9.84098
50 76 3
203 8 11.4944
36 5 10.3075
185 10 11.9532
882 373 1
117 2 12.6497
213 221 1
140 1 9.50449
123 284 1
122 1 10.3518
1383 771 1
140 1 10.3518
143 2 4
113 3 13.4195
140 2 11.2403
66 2 11.2403
40 2 11.2403
1044 1384 1
194 2 11.5055
214 406 9
189 6 14.9671
18 2 10.106
142 4 13.3604
19 4 13.3604
43 14 17.3518
124 5 14.2802
140 3 12.0653
147 2 10.106
125 3 12.0653
109 624 1
170 3 12.7607
1316 1284 1
84 2 12.8151
38 1385 1
93 1 9.84098
554 1210 1
93 1 10.3518
1386 710 1
137 3 12.2432
212 657 1
24 2 13.7611
158 831 1
77 3 18.3798
1387 452 1
13 1 10.3518
604 647 1
134 2 10.224
1388 810 1
163 2 9.70985
1389 312 1
159 1 10.3518
708 73 1
171 1 6.87473
148 604 1
172 1 10.3518
577 78 1
172 1 9.84098
363 1390 1
172 1 9.50449
518 57 1
133 1 9.84098
1391 1392 1
3 1 10.3518
401 1393 1
113 2 15.395
561 1203 2
151 2 10.6884
160 3 12.7607
254 270 1
151 2 11.7409
451 514 1
206 2 11.367
2 1056 1
140 1 9.50449
1394 635 1
172 1 10.3518
1119 1224 1
168 2 11.7409
227 487 1
162 2 15.395
205 601 1
204 2 13.7611
802 290 1
104 2 14.1349
327 800 1
94 2 12.8151
88 187 1
169 3 12.4409
354 300 1
83 2 12.6497
1004 1131 1
44 3 12.8637
15 754 1
22 8 13.86
398 808 1
28 2 11.4347
164 2 1
80 1 9.84098
114 202 1
22 8 15.2664
76 831 2
183 6 14.5826
14 3 11.7554
381 213 1
140 2 9.58479
48 1395 1
23 1 9.84098
963 378 1
8 3 12.0653
275 275 1
95 2 10.255
271 698 1
84 2 11.1235
327 826 1
50 2 12.6497
475 246 1
165 2 10.5295
545 436 1
71 2 13.4626
21 339 7
123 5 10.7864
148 5 10.7864
194 6 11.3053
119 5 10.7864
120 4 10.0917
69 6 11.3053
110 4 10.0917
683 505 1
141 3 11.2617
910 708 1
171 4 6.94314
96 1005 1
129 1 10.3518
170 291 1
43 3 13.1509
1396 927 1
190 1 9.84098
107 729 1
19 3 12.3591
713 808 1
201 6 13.4274
223 36 1
146 1 10.3518
920 505 1
48 1 10.3518
979 156 1
118 9 13.1408
118 865 1
81 1 10.3518
508 7 1
30 5 14.5355
804 697 1
128 2 14.1349
227 881 1
24 2 11.2403
170 437 1
191 16 14.2392
778 437 1
119 4 15.8917
278 444 1
4 2 12.6497
219 690 1
45 2 10.8198
101 206 1
41 2 10.5295
34 939 1
200 1 9.84098
1397 1264 1
48 1 10.3518
932 472 1
144 2 13.4626
452 114 1
15 2 11.5799
1288 1398 3
123 3 10.5294
12 3 10.5294
104 5 12.4624
511 683 1
85 2 12.2415
177 89 1
78 2 11.4347
1028 582 1
35 2 10.1346
96 628 1
119 2 13.7611
927 697 1
205 2 13.2142
1160 349 1
193 1 9.84098
940 32 1
114 2 9.3623
475 761 1
159 1 10.3518
436 641 1
71 3 15.1022
340 505 2
46 4 13.4763
21 4 13.4763
1284 125 1
80 2 10.9143
1056 704 1
46 2 10.6068
927 1066 1
130 1 9.05246
2 891 1
101 2 13.0013
976 543 1
5 3 10.8929
416 626 1
97 2 10.4923
270 300 1
53 6 11.4636
1273 527 1
6 2 10.8663
241 109 1
78 2 11.8285
1134 1147 1
6 1 10.3518
227 486 1
162 2 15.395
714 121 1
64 1 9.50449
281 929 1
64 1 9.50449
436 120 1
71 2 14.1349
380 215 1
64 2 9.75398
187 556 1
177 2 9.73175
1188 153 1
64 2 10.6471
683 195 1
136 3 12.8637
63 1399 1
109 2 10.8663
360 34 1
190 2 12.8151
145 144 1
102 1 9.84098
497 16 1
128 3 16.4291
943 343 1
32 1 9.50449
554 601 1
204 2 12.0207
901 1143 1
143 6 12.3032
980 190 2
67 2 13.2142
157 3 15.7761
133 281 1
16 3 12.3995
1400 603 1
170 2 11.7409
730 1316 1
0 1 9.50449
713 480 1
37 2 12.6497
580 121 1
194 2 12.8151
870 37 2
84 3 11.784
154 4 13.049
55 217 1
36 1 10.3518
56 424 1
182 3 11.5412
186 568 1
198 2 11.7409
445 1401 1
100 1 9.84098
834 236 1
100 2 9.97052
445 25 1
100 1 10.3518
709 595 1
100 1 10.3518
13 238 1
100 2 10.3859
19 339 1
100 2 11.2403
556 84 1
100 2 12.2415
102 355 1
175 2 9.91961
681 227 1
169 4 17.1882
916 368 1
53 2 10.5677
1119 220 1
102 4 10.0281
597 283 1
163 1 9.50449
434 26 1
9 3 12.6165
315 76 1
163 9 9.70641
621 1022 1
163 1 10.3518
547 300 1
74 1 10.3518
582 355 1
163 2 10.9639
680 151 1
163 3 11.3053
472 1402 1
39 1 10.3518
39 1168 1
163 6 19.9383
158 1403 1
44 2 15.395
414 709 1
139 2 13.7611
944 145 2
99 2 12.127
165 2 12.127
1058 1404 1
80 1 10.3518
208 201 1
127 8 16.8424
53 767 1
40 1 10.3518
1315 32 1
1 2 9.58479
1086 1020 1
141 1 10.3518
160 1405 1
3 2 12.8151
1406 150 1
186 1 10.3518
120 920 1
93 1 9.84098
709 706 2
127 2 10.2867
26 5 14.5355
2 673 1
131 4 16.7233
271 378 1
8 2 14.6353
1338 555 1
56 3 15.2997
395 49 1
74 1 10.3518
785 522 1
112 2 14.6353
250 312 1
181 2 10.4205
84 520 1
100 6 17.9602
781 653 1
53 2 8.95744
2 85 6
95 13 14.6624
103 19 15.2776
23 14 14.7972
6 5 12.1778
105 17 15.1159
94 27 15.7005
788 477 2
98 2 10.0232
170 5 14.1633
401 722 1
40 1 10.3518
1381 544 1
68 2 13.4626
666 236 1
178 1 9.84098
1407 520 1
178 1 9.84098
700 115 1
96 3 14.2328
434 1408 1
178 1 9.84098
1368 367 1
178 1 9.84098
