1 2 2
6 4 13.3983
38 4 13.3983
3 4 1
62 2 11.5799
5 6 1
77 2 10.106
7 8 1
77 2 10.224
9 10 1
60 1 10.3518
11 2 1
118 3 12.0653
12 13 1
147 3 14.4781
14 15 1
54 1 9.05246
16 17 1
23 4 13.3983
18 19 1
77 1 10.3518
20 21 1
153 2 13.4626
22 23 1
77 1 10.3518
24 25 1
77 1 10.3518
26 27 1
77 1 10.3518
28 29 1
97 1 10.3518
30 31 1
7 2 10.255
32 33 1
111 1 10.3518
34 35 1
82 2 13.7611
36 37 1
82 2 13.7611
38 39 1
38 2 11.367
40 41 1
82 2 14.6353
42 43 1
82 3 15.522
44 45 1
111 1 8.88539
46 47 1
82 5 19.445
48 49 1
5 2 11.2403
50 51 1
113 1 10.3518
52 53 4
39 4 11.2213
59 3 10.1335
13 3 10.1335
55 3 10.1335
54 55 1
70 2 12.6497
56 57 1
152 2 9.87038
58 59 1
108 2 11.3023
60 61 1
70 5 11.0129
62 55 1
144 1 10.3518
63 64 1
41 2 13.7611
65 58 1
108 1 10.3518
66 67 1
112 2 13.4626
68 69 1
5 1 10.3518
70 71 2
138 4 10.5408
54 5 11.2665
72 73 1
88 4 10.7098
21 2 1
58 2 12.0207
74 75 1
10 3 18.3798
76 77 1
19 1 10.3518
78 79 1
108 3 12.6633
80 81 1
78 5 12.021
82 83 1
9 1 10.3518
84 66 1
9 1 10.3518
85 86 1
9 1 10.3518
87 88 1
9 1 10.3518
65 89 1
26 3 14.9245
86 90 1
9 1 10.3518
91 92 1
9 1 10.3518
93 94 3
9 2 12.2415
131 2 12.2415
52 2 12.2415
95 96 3
9 3 14.0172
83 2 11.7409
34 2 11.7409
97 98 1
57 1 7.68882
99 100 4
116 11 13.1363
137 6 11.7002
27 8 12.4487
48 3 9.43179
101 95 1
53 2 10.5677
102 42 1
86 2 14.6353
103 104 1
69 3 10.3787
105 43 1
50 3 11.4431
106 107 1
33 1 9.84098
108 109 3
109 5 12.1051
80 6 12.6874
53 14 14.7088
110 111 1
28 2 13.2142
112 113 1
28 2 13.7611
110 114 1
28 2 14.1349
115 116 1
28 2 15.395
117 118 1
28 2 15.395
44 119 1
67 3 11.9665
114 120 1
28 3 18.3798
121 122 1
98 3 13.825
123 124 1
62 2 10.5677
125 126 1
0 1 9.84098
127 128 1
16 2 11.4347
129 130 1
0 1 9.84098
131 132 1
117 1 10.3518
42 133 1
117 1 10.3518
134 135 1
117 2 10.6068
136 53 1
0 2 12.0207
132 42 1
117 6 20.3804
137 138 1
30 3 10.3656
139 140 1
127 2 14.6353
141 142 1
124 1 10.3518
143 60 1
31 3 12.8637
144 145 18
142 8 12.1246
39 7 11.801
0 4 10.1723
67 8 12.1246
134 8 12.1246
155 9 12.3887
123 21 13.7593
106 9 12.3887
140 10 12.6085
18 5 10.8726
59 6 11.3955
71 5 10.8726
141 8 12.1246
146 4 10.1723
13 7 11.801
5 7 11.801
55 6 11.3955
156 4 10.1723
146 12 1
0 3 10.5152
147 43 1
38 2 11.367
148 149 1
92 3 13.4936
99 150 1
114 5 13.4336
151 152 1
130 4 10.9713
153 154 1
19 1 10.3518
155 156 1
90 1 10.3518
157 158 1
160 1 9.84098
159 160 1
160 1 10.3518
161 162 1
160 1 10.3518
163 164 1
160 1 10.3518
52 165 1
90 2 13.2142
166 167 1
160 1 10.3518
168 169 1
160 1 10.3518
170 171 1
160 1 10.3518
172 173 1
160 1 10.3518
174 175 1
160 1 10.3518
173 176 1
160 9 12.3979
169 95 1
109 2 10.7309
177 178 1
28 3 15.1022
179 180 7
83 4 14.2445
62 2 10.7747
153 4 14.2445
122 9 17.3483
52 5 15.2251
139 3 12.8637
47 2 10.7747
181 182 1
109 3 16.0727
146 183 1
149 5 12.1051
56 184 1
16 2 10.9143
185 186 2
138 6 13.7177
133 2 9.26237
125 187 1
27 7 12.459
188 189 1
22 2 11.1808
190 191 1
47 3 11.0581
192 187 1
116 5 13.4336
15 193 4
89 8 12.02
138 9 12.2819
133 7 11.6992
54 7 11.6992
194 154 1
145 2 13.2142
121 195 1
20 1 10.3518
196 197 1
75 2 10.6068
88 198 1
46 1 9.84098
199 149 1
161 2 12.2415
200 201 1
135 2 15.395
202 203 1
125 2 11.7409
204 205 1
119 1 10.3518
206 79 1
31 4 10.7898
207 208 1
29 5 11.0301
69 209 2
95 7 17.7602
18 3 13.825
210 149 1
51 2 15.395
211 212 1
67 3 12.281
213 214 1
107 1 9.25316
215 216 1
107 1 9.50449
217 214 1
107 1 9.50449
218 219 1
107 1 9.84098
220 221 1
105 2 14.6353
109 222 1
79 2 12.6497
6 223 1
107 1 9.84098
224 225 1
107 1 10.3518
226 227 1
107 1 10.3518
228 216 1
107 2 10.6884
229 230 1
66 1 10.3518
231 232 1
118 6 9.61499
233 234 1
103 2 13.0013
235 236 1
158 1 9.84098
237 238 2
134 2 11.0684
141 4 14.6328
221 239 1
31 1 10.3518
2 54 1
102 2 11.0684
53 240 1
116 2 12.8151
54 241 1
4 5 15.1633
242 243 1
150 1 10.3518
244 245 1
150 2 15.395
246 247 4
69 8 13.499
135 4 11.3254
112 10 14.0378
159 9 13.7931
248 40 1
43 2 13.0013
249 250 1
104 2 13.7611
251 252 1
44 2 11.3023
253 254 3
82 4 15.7606
19 2 11.9215
100 4 15.7606
255 256 1
98 5 17.8746
257 103 1
57 1 8.74227
258 53 1
39 2 12.0207
259 260 2
157 2 14.6353
51 2 14.6353
2 261 1
11 1 10.3518
262 263 4
116 2 12.6497
27 4 16.7233
13 4 16.7233
55 2 12.6497
264 265 1
11 2 12.8151
266 267 1
44 2 10.5295
28 41 1
147 2 11.367
268 269 1
33 2 10.9143
17 32 1
23 4 16.0323
270 271 1
143 2 10.3859
272 99 2
39 3 11.039
16 3 11.039
170 176 3
3 16 12.7449
127 10 11.9818
49 21 13.0754
28 53 1
147 2 13.7611
149 273 1
11 4 11.0052
99 13 2
42 5 14.1633
123 4 13.2511
274 275 1
74 1 10.3518
35 105 12
115 10 9.52956
120 22 10.4387
129 22 10.4387
33 12 9.79008
143 16 10.1365
60 23 10.4749
94 13 9.89412
133 9 9.36345
54 9 9.36345
85 10 9.52956
92 14 9.98506
37 27 10.5946
132 276 1
68 1 10.3518
277 278 1
143 1 10.3518
279 280 1
113 1 10.3518
281 282 1
10 2 13.4626
84 134 1
52 2 11.5799
283 37 1
113 1 10.3518
266 284 1
30 3 14.3512
160 285 1
0 2 13.2142
286 287 1
113 2 14.6353
288 266 1
113 2 14.6353
105 148 1
92 2 13.0013
57 182 1
80 3 13.6516
289 70 1
75 1 10.3518
290 272 1
111 1 9.84098
291 292 1
80 4 12.8951
68 293 1
38 3 11.1368
294 196 1
106 2 14.1349
295 102 1
16 2 10.7309
296 297 1
16 2 13.0013
298 127 1
16 2 14.1349
299 300 1
46 1 9.84098
301 302 1
128 1 9.05246
303 304 1
128 1 9.50449
303 305 1
128 1 9.50449
306 307 1
128 1 10.3518
308 267 1
128 1 10.3518
309 310 1
128 1 10.3518
311 307 1
128 2 13.4626
312 313 2
150 7 13.6982
125 4 11.8076
152 150 1
68 2 10.6471
314 288 1
130 5 11.2378
315 122 1
2 2 14.1349
316 176 1
26 4 12.7801
317 318 1
87 1 10.3518
319 320 1
123 2 12.0207
66 7 1
57 1 7.15924
321 155 1
90 2 10.6068
322 323 1
58 1 10.3518
99 324 1
114 3 12.4832
134 297 1
42 2 11.7409
198 167 1
122 5 11.4367
325 189 1
154 2 12.6497
326 327 1
48 1 9.84098
105 328 1
12 1 10.3518
329 330 1
111 1 8.74227
331 134 1
117 2 14.6353
2 332 1
102 2 10.5295
333 334 1
102 3 17.4728
335 336 3
36 5 15.3546
157 9 17.4958
49 9 17.4958
337 338 1
139 1 9.50449
339 34 1
17 7 11.5006
340 341 1
72 2 14.6353
294 342 1
106 3 14.1217
75 343 1
10 2 10.255
108 214 1
30 2 10.9639
344 345 1
10 1 10.3518
346 96 1
158 5 12.4288
48 347 1
74 2 15.395
8 198 1
143 3 11.4431
348 182 1
53 2 14.6353
349 350 1
58 2 12.8151
351 150 2
20 5 14.3619
64 3 12.1343
352 353 1
1 1 9.25316
354 355 1
64 3 13.4195
356 357 1
64 3 14.3512
358 359 9
76 6 16.1643
73 7 16.7394
82 19 19.3481
103 11 18.1483
19 7 16.7394
100 7 16.7394
148 8 17.1984
14 12 18.3738
43 11 18.1483
263 149 1
129 2 9.13876
360 361 1
105 1 9.84098
266 30 1
87 1 10.3518
99 263 2
152 2 10.0779
121 14 17.3035
325 362 2
155 4 15.309
121 6 17.15
235 134 2
30 2 10.7747
45 3 12.8637
250 363 1
128 3 14.6148
73 364 1
36 2 14.1349
260 365 1
122 2 12.8151
7 366 1
21 5 20.6803
207 99 1
29 2 10.9143
297 12 1
147 2 10.9143
367 368 1
59 2 11.7409
369 12 1
95 2 14.6353
370 89 1
51 7 14.4397
371 372 1
73 1 10.3518
373 161 1
104 5 14.5355
374 375 1
64 1 10.3518
285 376 3
142 2 12.3655
106 2 12.3655
140 2 12.3655
20 377 1
60 1 10.3518
378 231 1
32 1 9.50449
95 379 1
119 2 13.2142
20 380 1
40 2 11.8285
139 207 1
105 7 9.8838
381 176 1
86 3 14.9245
382 383 1
59 2 12.0207
249 384 1
50 3 15.1022
385 386 1
67 3 16.0727
387 388 1
74 1 10.3518
322 191 1
58 2 13.7611
367 389 1
149 2 12.5008
9 124 1
6 2 12.2415
390 132 1
117 2 13.2142
73 391 1
158 4 11.9861
99 392 1
48 1 10.3518
393 191 3
101 2 11.0153
102 2 11.0153
47 2 11.0153
394 395 1
29 2 10.3859
236 148 2
27 8 15.2328
114 6 14.3169
396 397 1
113 3 14.9245
398 399 1
70 1 10.3518
400 401 1
70 1 10.3518
186 102 1
133 1 9.50449
178 266 1
41 8 13.2
282 402 1
70 2 10.3859
403 404 1
70 2 10.5677
391 178 1
70 2 11.5799
55 135 1
70 2 13.7611
321 405 1
115 1 9.50449
105 11 2
50 3 13.2801
37 4 14.7057
406 395 1
2 2 15.395
407 408 1
19 2 13.2142
409 410 1
119 1 10.3518
411 412 1
119 1 10.3518
201 413 1
99 2 14.1349
414 415 1
32 1 9.84098
416 417 1
119 1 10.3518
418 419 1
119 2 13.2142
420 124 2
56 5 15.1032
119 4 14.1305
161 421 2
104 2 14.6353
126 1 9.84098
422 170 1
3 2 13.7611
35 423 2
42 9 12.3616
66 5 10.8487
424 176 1
65 12 10.7267
425 295 1
146 1 10.3518
300 250 1
5 2 10.9639
426 71 1
99 3 12.3196
374 178 1
116 3 12.6165
427 428 1
8 2 15.395
429 2 1
118 1 10.3518
430 431 1
118 1 10.3518
432 221 1
158 2 13.0013
284 433 3
30 14 11.0311
45 15 11.1197
75 7 9.85362
215 434 1
43 1 10.3518
435 137 1
131 2 11.3023
436 437 1
113 1 10.3518
438 353 1
115 1 9.84098
390 439 1
49 2 12.0207
152 208 1
74 5 9.78793
244 440 1
136 3 12.9731
441 442 1
136 3 9.89771
263 35 1
152 3 14.1217
334 443 1
102 3 17.4728
9 444 2
120 1 9.25316
129 1 9.25316
20 445 1
149 3 12.7113
446 447 1
2 5 15.7989
124 448 2
120 3 9.64528
129 3 9.64528
449 450 2
120 1 9.84098
129 1 9.84098
403 103 2
120 2 10.6884
129 2 10.6884
451 63 1
57 1 8.88539
452 119 2
120 2 14.6353
129 2 14.6353
453 264 2
52 3 11.784
139 2 9.87038
235 35 2
120 3 14.9245
129 3 14.9245
362 135 2
0 5 11.4471
121 7 12.4246
146 284 1
30 2 12.5008
454 265 1
58 1 10.3518
331 455 1
3 2 11.7409
94 456 1
131 6 11.9868
146 457 1
114 6 12.9077
398 146 1
16 2 10.6471
458 241 1
2 3 16.0727
459 426 1
100 2 10.8198
460 461 1
48 2 10.9639
462 463 1
98 4 12.1015
314 107 1
151 1 9.50449
301 464 1
121 4 17.4696
465 176 1
86 5 15.4925
466 467 1
61 7 9.97282
343 468 2
40 2 12.5008
38 2 12.5008
60 60 1
5 3 10.6477
469 470 1
123 3 13.5708
24 157 1
96 1 10.3518
238 201 1
141 2 14.6353
471 472 1
96 1 10.3518
42 473 1
96 1 10.3518
170 474 1
96 1 10.3518
320 475 1
96 1 10.3518
476 283 1
96 1 10.3518
477 79 1
96 1 10.3518
132 390 1
96 3 15.522
475 132 1
96 4 18.1926
478 12 1
71 3 10.9828
60 328 1
115 2 9.84636
479 480 1
118 2 11.5055
65 481 3
93 6 15.0968
26 4 13.4763
152 2 10.1936
482 483 1
11 3 12.281
120 484 1
28 3 17.4728
11 485 1
29 1 10.3518
324 13 1
66 2 10.2867
246 486 1
41 8 15.9697
3 487 1
63 2 9.91961
99 160 2
67 2 10.9639
81 2 10.9639
227 73 1
136 2 10.7309
488 489 1
11 1 10.3518
390 15 1
133 4 10.7001
490 491 1
19 3 14.4781
492 81 1
44 2 11.367
286 397 1
33 1 10.3518
2 139 1
101 1 9.05246
493 494 1
83 3 13.0304
495 192 2
27 3 13.5708
156 2 11.367
188 248 1
12 4 10.4272
51 496 1
56 2 13.0013
497 80 1
117 1 10.3518
349 440 1
91 3 12.8637
498 499 4
9 3 11.157
153 6 13.8403
110 5 13.2051
139 2 9.34518
500 501 1
149 1 10.3518
441 502 1
109 2 11.1235
503 183 1
134 2 12.127
504 206 1
31 4 10.233
266 133 1
41 9 13.6509
505 506 1
116 2 12.8151
336 170 1
49 3 14.4781
507 110 1
7 2 11.1235
34 99 1
17 5 11.6677
235 508 1
45 3 15.1022
467 509 1
61 7 10.7142
510 99 1
72 1 10.3518
511 512 1
135 1 10.3518
513 498 1
72 1 10.3518
260 423 1
72 1 10.3518
105 489 1
115 2 12.2415
514 489 1
72 1 10.3518
515 390 1
72 2 11.3023
123 183 1
15 2 9.68826
339 321 1
141 2 15.395
433 327 1
75 2 10.0779
516 517 1
61 1 9.50449
371 99 1
148 5 15.5651
362 361 1
137 2 12.0207
518 519 3
83 3 13.0304
154 2 10.9143
58 2 10.9143
520 2 1
24 3 15.1022
439 376 1
157 2 15.395
521 395 1
57 1 9.50449
250 522 1
64 2 11.0153
363 523 1
99 4 13.6421
524 124 1
56 6 15.2826
525 7 3
157 9 17.2093
68 6 15.8297
2 5 15.1032
526 522 1
64 1 10.3518
258 504 1
31 4 10.3768
527 528 1
43 2 13.2142
529 530 1
80 2 11.1808
531 532 2
112 4 16.5265
130 4 16.5265
533 241 1
4 2 12.127
379 534 1
51 3 14.2328
535 536 1
36 7 21.1055
537 538 1
77 1 10.3518
539 540 2
73 3 11.9988
100 6 14.8846
178 384 1
63 2 9.97052
146 541 1
10 1 10.3518
183 326 1
156 4 10.4615
542 440 1
22 2 11.1808
543 544 1
74 2 12.0207
545 411 1
31 1 10.3518
285 393 1
121 8 18.9417
546 7 1
5 2 11.0153
547 548 1
89 2 14.1349
171 494 1
12 4 16.7233
549 182 2
109 5 16.9857
53 7 18.4362
424 60 1
81 2 12.8151
53 60 1
59 2 9.99665
398 53 1
59 2 13.2142
74 550 1
159 1 10.3518
398 41 1
59 2 14.1349
551 552 1
159 2 10.1346
553 554 1
86 2 14.6353
555 556 1
88 1 10.3518
355 183 1
64 2 13.7611
557 250 1
2 2 13.4626
193 70 2
138 3 10.3526
54 4 11.4639
362 368 7
39 6 14.4458
155 6 14.4458
65 4 12.8951
59 3 11.6451
13 5 13.7828
121 5 13.7828
55 3 11.6451
301 191 1
39 2 12.2415
149 376 1
38 3 12.2062
558 260 1
22 2 11.2403
135 53 3
39 2 12.5008
155 2 12.5008
121 3 14.9245
285 435 1
39 2 12.8151
559 386 1
112 2 12.6497
560 561 1
76 2 12.5008
2 562 1
6 2 13.0013
563 241 2
89 5 12.5664
149 4 11.7571
264 564 1
111 2 10.8663
565 415 1
112 2 13.0013
109 246 1
56 3 15.1022
566 228 1
18 1 10.3518
518 218 1
18 2 11.5799
193 567 3
89 7 12.4938
138 6 12.0646
133 4 10.7695
8 562 1
98 6 11.8906
568 569 1
61 8 11.4337
570 571 1
136 1 10.3518
349 338 1
154 3 11.9036
572 101 1
79 2 11.7409
573 13 1
18 1 10.3518
44 574 1
118 1 10.3518
575 576 1
118 1 10.3518
496 577 1
118 1 10.3518
392 35 1
50 2 12.3655
165 578 1
118 1 10.3518
354 199 1
118 1 10.3518
579 548 1
50 2 13.7611
580 2 1
118 1 10.3518
99 393 4
67 5 13.6899
161 6 14.3484
123 7 14.859
59 2 9.68826
478 581 1
65 1 10.3518
582 583 1
62 2 11.8285
2 149 1
62 2 14.1349
584 585 2
34 2 10.9639
6 5 15.4925
586 587 2
79 2 12.0207
56 3 14.3512
437 585 1
143 2 10.9639
390 182 1
53 2 10.5677
125 39 4
63 3 14.0172
93 3 14.0172
27 6 17.3884
121 2 11.7409
588 589 1
73 1 10.3518
590 69 1
123 2 11.7409
187 98 1
45 6 13.694
52 591 1
39 6 10.4423
592 176 2
24 7 14.5808
122 3 11.3501
593 224 1
107 1 10.3518
60 567 1
26 5 13.1812
378 12 1
65 2 10.456
413 415 1
32 1 9.84098
594 295 1
20 1 10.3518
132 439 1
157 2 14.6353
56 357 3
93 4 13.5164
152 2 10.224
121 4 13.5164
99 595 3
39 3 11.5924
161 3 11.5924
81 2 9.70985
596 597 1
157 2 15.395
332 439 1
157 2 15.395
99 125 4
93 7 14.9257
81 2 9.73175
144 4 12.8657
13 3 11.6185
598 68 1
38 4 12.8657
599 261 1
81 1 9.84098
357 437 1
81 2 10.8663
2 64 1
11 2 14.1349
270 498 1
72 1 10.3518
345 48 1
81 3 11.5666
495 600 1
75 2 10.6884
41 94 1
110 3 13.2801
601 176 3
87 5 10.2711
74 4 9.60953
105 5 10.2711
430 602 1
145 2 10.7309
603 604 1
135 1 10.3518
605 606 1
29 1 10.3518
361 600 1
75 5 11.7266
607 293 1
5 3 11.1168
65 591 1
16 3 11.6993
608 609 1
70 2 14.1349
297 339 1
141 4 15.8917
52 263 1
23 2 11.0153
610 363 1
1 1 9.50449
2 148 4
83 6 17.0398
98 2 11.5055
72 2 11.5055
110 3 13.7362
170 611 1
127 6 17.3884
517 612 2
27 8 17.2765
114 6 16.2377
136 325 1
31 4 11.6128
41 613 1
136 2 10.7747
554 176 1
86 3 16.4291
265 190 1
28 2 14.6353
73 614 1
88 4 10.4876
615 616 1
90 1 10.3518
496 134 2
108 4 13.7305
49 6 15.3817
2 134 1
28 2 12.6497
365 617 1
90 1 10.3518
618 533 1
155 2 12.127
619 620 1
57 1 9.50449
621 622 1
90 2 10.7309
623 457 3
42 4 11.7571
106 6 13.1709
66 3 10.6174
504 624 1
2 3 16.0727
625 144 1
156 1 10.3518
626 627 1
12 2 12.2415
628 414 1
90 3 15.2997
629 630 1
29 5 12.8313
631 573 1
93 4 12.3773
632 482 1
11 3 12.2432
48 60 1
153 3 12.0653
633 191 1
93 2 13.7611
634 635 1
36 4 18.6868
155 628 1
90 1 10.3518
371 636 1
73 2 9.84636
637 638 1
159 1 10.3518
197 35 1
74 1 9.84098
95 623 1
68 2 12.3655
297 60 9
147 5 11.1
42 8 12.3782
95 5 11.1
17 7 12.0479
18 7 12.0479
25 14 13.4876
71 11 13.0619
66 5 11.1
5 6 11.634
13 470 15
147 13 13.2292
142 5 10.9875
42 23 14.0057
123 10 12.7418
106 20 13.8472
95 18 13.715
17 22 13.9573
140 18 13.715
18 11 12.9294
25 15 13.458
71 20 13.8472
66 14 13.3508
141 25 14.0917
146 4 10.2798
5 15 13.458
69 28 11
147 4 13.5993
142 3 12.281
42 5 14.5355
106 9 16.5625
140 6 15.2347
25 4 13.5993
71 3 12.281
66 4 13.5993
141 6 15.2347
146 2 10.2867
5 6 15.2347
152 174 2
130 4 13.8232
126 2 10.456
639 620 1
31 8 12.9347
426 640 1
1 2 11.1235
641 276 1
80 2 11.8285
509 498 1
153 2 13.0013
414 642 3
112 4 12.2666
104 8 14.6208
126 3 11.0775
504 403 2
104 8 17.528
126 2 11.1235
495 643 4
82 3 14.3512
103 3 14.3512
86 3 14.3512
100 4 15.8917
336 338 2
126 2 11.367
23 5 16.0621
161 621 1
126 2 11.6582
133 496 4
108 4 11.3797
117 5 12.163
49 6 12.7481
68 4 11.3797
348 524 1
0 1 9.84098
644 645 1
1 1 9.84098
646 459 1
100 2 10.8198
85 171 3
91 8 12.3782
31 5 11.1
12 13 13.3648
647 648 1
100 2 13.4626
649 176 3
161 10 11.2902
81 5 9.73572
65 13 11.7221
3 639 2
44 7 14.1328
78 4 12.1823
188 353 1
128 10 10.4067
241 411 1
2 3 16.8753
271 205 1
98 4 11.2086
449 498 1
110 1 10.3518
57 52 1
97 2 10.2867
650 651 1
97 1 10.3518
87 652 1
97 1 10.3518
424 653 1
97 1 10.3518
641 654 1
97 1 10.3518
228 655 1
97 1 10.3518
656 422 1
97 1 10.3518
273 238 1
69 1 10.3518
657 211 1
97 2 10.9639
658 250 1
161 2 10.7747
496 509 1
23 2 11.9215
659 559 1
112 4 16.5265
118 250 1
125 2 11.7409
43 363 1
125 5 11.888
660 203 1
125 2 12.5008
64 661 1
125 3 13.7362
662 274 1
124 4 12.8367
341 663 1
72 2 14.6353
123 664 1
17 2 11.4347
665 271 1
52 2 13.0013
155 384 1
64 1 10.3518
666 447 1
34 2 14.1349
170 390 1
36 5 15.0448
34 150 1
141 2 12.127
271 42 1
14 3 12.7607
368 667 1
130 2 11.3023
668 35 1
37 1 10.3518
469 669 1
50 2 10.7747
337 7 1
153 2 11.5799
621 670 1
153 2 12.2415
84 447 2
153 2 12.3655
58 2 12.3655
671 2 1
153 2 14.1349
56 227 1
144 2 12.5008
672 673 1
153 2 15.395
277 487 1
45 2 11.2403
9 397 1
91 1 10.3518
207 395 1
75 1 10.3518
211 674 1
88 3 10.4593
5 324 1
31 3 11.039
20 392 1
91 2 11.1235
470 297 8
147 2 10.4923
106 3 12.5265
17 3 12.5265
18 5 14.8261
25 8 16.5333
71 6 15.5392
66 3 12.5265
5 3 12.5265
243 304 1
99 2 14.6353
675 34 2
157 5 19.0233
51 5 19.0233
195 193 1
113 1 10.3518
676 498 1
110 1 10.3518
677 498 1
110 1 10.3518
198 495 1
134 2 13.2142
420 312 1
79 1 10.3518
678 240 1
122 2 13.7611
679 227 1
1 2 9.79946
680 681 1
24 2 13.0013
682 683 1
107 3 10.3397
684 232 1
85 1 9.84098
685 686 1
42 6 16.8347
86 687 3
92 3 10.5583
4 15 15.3064
125 12 14.8879
688 396 1
40 6 11.5427
353 35 1
143 3 12.3995
689 690 1
107 2 10.319
667 509 9
69 19 11.9883
135 13 11.5056
112 23 12.1809
130 11 11.2449
126 20 12.0431
8 9 10.8885
32 11 11.2449
159 17 11.8615
23 16 11.7874
101 26 1
119 5 10.8806
309 74 1
11 1 10.3518
691 345 1
144 1 10.3518
411 169 1
109 2 13.2142
692 461 1
48 2 10.9639
693 694 1
127 5 17.473
695 176 2
80 5 12.1051
56 5 12.1051
696 2 3
62 2 10.9143
6 7 16.7394
131 5 15.4224
211 35 1
60 4 14.4291
697 698 1
50 2 10.9143
699 187 1
8 2 11.9215
7 700 1
21 2 13.7611
701 702 1
96 1 10.3518
703 353 1
78 2 11.8285
704 7 1
74 1 10.3518
705 670 1
139 1 9.50449
305 403 1
159 1 10.3518
706 507 1
111 1 9.25316
707 376 1
111 1 9.50449
708 709 1
111 1 9.50449
710 711 1
111 1 10.3518
712 713 1
79 2 12.3655
714 475 1
3 2 13.4626
715 139 1
148 2 13.7611
716 43 1
21 2 13.4626
608 161 1
104 3 16.0727
649 285 2
155 6 13.6473
65 9 14.8367
284 7 1
21 6 13.0618
717 718 1
4 2 12.2415
608 99 3
27 4 12.4234
48 2 9.39715
95 3 11.2191
146 719 1
76 2 11.0684
720 522 1
79 1 10.3518
293 182 3
80 2 11.9215
53 2 11.9215
119 2 11.9215
469 285 1
144 2 12.3655
371 721 1
148 2 14.6353
43 94 1
131 2 12.127
86 399 1
138 4 13.1814
447 173 1
160 7 15.5883
349 612 1
131 2 12.5008
722 149 2
88 5 11.145
84 5 11.145
658 60 1
9 2 10.1638
723 724 1
32 1 9.25316
105 390 5
120 3 9.15277
129 3 9.15277
60 5 10.833
31 4 10.1353
94 5 10.833
285 178 1
161 5 13.3807
2 250 1
131 3 15.2997
601 725 3
87 5 12.2378
74 4 11.4496
105 5 12.2378
136 8 1
150 2 12.0207
726 99 1
59 2 10.5295
374 227 2
64 4 10.7001
136 4 10.7001
727 324 1
40 2 12.6497
480 688 1
40 2 13.2142
605 479 1
40 2 13.7611
323 727 1
40 2 13.7611
515 60 1
40 3 15.2997
728 315 1
88 1 10.3518
515 729 1
40 4 18.1926
605 600 3
87 3 11.672
158 3 11.672
46 3 11.672
730 107 1
65 3 16.4291
187 119 1
102 3 11.2402
146 208 1
14 2 11.9215
678 348 1
150 2 11.5055
53 362 1
0 2 11.1235
122 731 8
36 16 15.5452
160 4 11.7906
96 4 11.7906
108 3 10.6477
51 10 14.6144
49 8 14.0535
68 13 15.1735
2 12 15.014
687 67 1
16 2 11.1808
167 69 7
147 4 13.8712
142 3 12.5265
42 4 13.8712
106 4 13.8712
140 3 12.5265
25 2 10.4923
71 2 10.4923
420 108 3
109 2 11.9215
53 14 20.4689
56 3 14.2328
732 349 1
107 1 9.84098
733 667 1
160 1 10.3518
734 735 1
107 1 9.84098
736 737 1
138 2 10.6471
556 35 1
60 2 10.8663
105 518 1
37 2 13.4626
738 739 1
12 1 9.84098
75 569 1
12 1 9.84098
661 740 1
12 1 10.3518
105 134 1
12 2 13.2142
522 741 1
126 1 10.3518
264 74 2
11 3 11.0775
47 2 9.27857
324 312 1
125 2 14.6353
742 211 1
132 3 12.1699
449 743 1
128 3 9.7531
687 75 1
62 2 12.2415
744 745 1
127 2 14.1349
99 49 1
116 5 11.7028
150 72 1
84 1 9.84098
746 95 1
85 1 10.3518
203 2 1
118 1 9.50449
118 440 1
85 3 11.0775
270 440 1
85 3 11.8729
612 236 2
27 8 16.6521
114 6 15.6509
86 35 1
89 5 12.3794
747 748 1
3 3 15.7761
107 260 2
6 7 11.6419
122 14 13.033
749 627 1
4 7 13.5824
76 390 4
76 3 14.3512
73 2 12.0207
14 3 14.3512
43 4 15.8917
66 494 1
41 6 18.1298
103 750 1
90 2 11.8285
751 393 6
93 8 14.0535
144 9 14.3597
26 7 13.6784
152 3 10.6477
121 8 14.0535
16 7 13.6784
284 700 1
21 2 13.7611
752 753 1
76 2 12.127
57 198 1
64 3 12.0653
433 754 1
45 5 13.329
323 696 1
6 2 12.6497
755 231 1
118 6 10.0797
193 756 1
22 3 10.5583
411 757 1
79 2 13.4626
390 366 1
127 4 15.7606
125 758 1
27 2 15.395
136 328 1
69 1 10.3518
147 600 1
87 6 13.386
199 517 1
126 2 12.2415
371 759 1
103 2 13.7611
411 273 1
34 2 13.0013
760 399 2
89 7 12.2814
133 3 9.56013
99 380 1
142 2 14.6353
48 440 1
24 2 11.0684
193 761 1
22 2 10.4923
285 171 2
140 2 12.2415
141 2 12.2415
154 393 1
63 3 12.9731
762 100 2
67 2 10.8663
27 4 14.3657
763 757 1
152 1 10.3518
42 139 1
117 1 10.3518
65 98 4
87 3 14.7629
124 3 14.7629
7 2 12.3655
10 2 12.3655
127 176 1
16 2 11.2403
764 274 1
124 5 14.0888
336 174 2
112 4 15.8917
126 4 15.8917
206 306 1
22 1 10.3518
725 479 1
7 1 9.84098
765 94 2
120 1 9.84098
129 1 9.84098
71 766 1
31 1 10.3518
767 737 1
25 2 11.5799
105 768 3
33 4 15.4126
85 2 11.6582
37 2 11.6582
530 2 1
151 2 10.1346
517 99 1
39 2 11.8285
264 88 1
72 2 15.395
769 469 1
81 2 10.8198
337 770 1
18 1 10.3518
591 467 1
137 2 13.0013
20 771 1
14 2 10.6471
772 399 1
138 2 11.2403
773 188 2
50 2 10.8198
20 2 10.8198
774 739 1
23 1 10.3518
775 776 2
84 4 12.224
145 4 12.224
145 338 1
161 2 11.367
40 777 1
43 3 13.7362
567 65 1
26 5 14.0888
627 778 1
12 2 12.3655
747 176 1
3 5 13.7514
343 779 1
111 1 9.84098
9 321 2
54 2 10.1346
85 3 12.0995
160 780 1
113 1 10.3518
636 365 1
82 3 13.5708
34 139 1
116 3 12.4832
781 543 1
74 1 10.3518
265 176 3
11 6 11.1276
110 8 11.8395
58 5 10.6169
38 782 1
159 1 9.84098
118 73 1
126 2 11.5055
182 783 1
53 2 13.7611
768 447 1
159 2 11.8285
76 784 1
103 2 14.6353
12 785 1
93 6 14.0798
64 454 1
150 2 11.0153
246 203 3
92 3 10.7907
4 14 15.5188
125 11 15.029
753 183 1
3 5 19.9732
118 371 1
43 1 10.3518
786 787 2
19 2 10.3521
43 2 10.3521
154 52 1
43 2 11.6582
788 789 1
84 1 10.3518
786 311 1
43 2 12.6497
563 176 2
89 5 12.4455
149 4 11.6439
610 437 1
25 1 10.3518
790 791 1
79 3 12.0318
792 793 1
65 2 12.8151
125 794 1
63 1 10.3518
212 795 1
63 1 10.3518
274 469 1
35 2 9.87038
796 558 1
115 7 9.48331
633 176 3
93 3 14.2328
26 4 15.7606
121 2 11.9215
428 699 1
8 5 14.5355
797 630 2
35 4 13.6858
10 2 10.3521
133 798 1
33 2 10.6884
309 799 1
66 1 10.3518
7 78 1
21 3 13.7362
630 270 1
64 3 13.9185
744 193 1
22 2 10.1638
800 801 1
3 2 12.6497
802 682 1
107 3 10.3526
802 139 1
136 4 9.85511
668 803 1
143 1 10.3518
270 804 1
143 1 10.3518
805 806 1
143 1 10.3518
807 334 1
143 1 10.3518
606 785 1
105 2 9.29495
152 363 1
143 3 11.4431
591 440 1
143 2 11.5055
718 246 2
4 32 13.9432
125 15 13.1104
808 593 1
143 3 13.9185
751 510 1
107 1 10.3518
2 116 1
151 1 10.3518
125 390 2
48 2 9.77654
156 2 9.77654
488 378 1
108 2 13.2142
448 246 2
120 3 9.6022
129 3 9.6022
349 184 1
52 3 12.8637
809 290 1
111 2 12.2415
810 811 1
122 2 11.8285
793 426 1
114 2 13.0013
812 227 1
128 3 11.3275
269 813 1
103 2 13.7611
671 193 1
22 3 10.1799
814 747 1
3 5 17.8746
2 338 2
9 2 10.3521
6 6 15.3316
753 53 1
147 1 10.3518
815 816 1
108 1 9.84098
402 509 1
147 3 11.4431
41 339 1
147 2 11.5055
96 183 1
147 3 11.5412
390 800 1
3 2 11.1235
583 817 1
62 13 14.1336
573 595 1
93 3 17.4728
818 819 1
132 2 13.2142
478 820 1
91 2 10.1346
459 332 1
156 2 14.1349
211 60 2
91 3 11.157
131 4 12.3546
515 479 3
101 5 18.6722
154 2 13.2142
28 9 21.276
821 328 1
91 2 11.9215
267 740 1
91 2 12.2415
73 12 1
17 5 13.7828
822 823 1
113 2 10.6471
284 365 1
108 3 10.487
824 679 1
146 4 12.2666
49 265 1
58 1 10.3518
825 757 1
79 2 14.1349
187 826 1
86 2 13.7611
827 15 1
92 2 11.2403
828 5 1
69 1 10.3518
829 830 1
87 2 13.7611
393 99 10
63 10 11.925
116 9 11.7171
0 7 11.1613
67 8 11.4673
161 6 10.7778
123 9 11.7171
144 11 12.1006
152 6 10.7778
121 18 12.8358
16 9 11.7171
545 105 1
92 1 10.3518
831 832 1
135 2 14.1349
355 440 1
128 3 9.94863
679 498 2
9 2 12.5008
139 2 12.5008
214 833 1
137 4 12.5684
506 460 1
48 2 12.0207
496 834 1
68 2 12.5008
835 67 1
14 1 10.3518
396 191 1
40 3 14.2328
66 744 1
41 3 15.1022
124 331 2
157 2 14.6353
51 2 14.6353
665 524 1
93 3 13.0304
337 149 1
122 3 12.8637
668 836 1
70 1 10.3518
817 240 1
122 2 12.0207
349 837 1
122 2 12.5008
838 839 1
142 1 10.3518
456 592 1
122 2 13.7611
756 228 1
122 2 14.1349
135 679 1
142 2 11.1235
840 484 1
76 2 15.395
841 842 1
142 2 12.127
628 843 1
142 3 14.9245
79 440 1
75 2 10.255
595 649 1
161 5 16.9857
844 219 1
81 1 10.3518
479 214 1
118 2 10.6068
242 845 1
136 1 10.3518
286 846 1
113 2 11.4347
30 847 1
14 2 11.5799
293 848 1
124 1 10.3518
849 149 1
72 3 12.9175
2 221 1
38 3 12.3591
475 850 1
3 8 18.6388
124 851 1
62 2 11.5799
852 563 2
89 5 12.5312
149 4 11.7241
853 371 2
86 5 14.9326
148 7 16.2077
99 368 2
18 2 10.5295
66 2 10.5295
32 854 1
124 1 10.3518
361 595 1
152 2 11.5799
696 338 1
40 2 12.8151
855 35 1
33 1 9.84098
9 856 1
150 2 12.8151
857 118 1
14 2 13.2142
418 518 1
93 4 13.9204
37 53 6
83 6 11.6247
62 6 11.6247
151 4 10.3768
52 5 11.0912
110 4 10.3768
139 6 11.6247
700 336 1
21 5 12.7522
769 184 1
115 1 9.84098
858 479 1
102 3 11.2402
712 198 1
79 1 10.3518
138 188 2
15 12 9.54707
10 24 10.2474
8 138 1
50 2 13.0013
57 255 1
98 2 14.1349
489 595 1
161 3 14.7629
859 860 1
1 1 10.3518
347 188 1
74 3 10.3656
228 250 1
71 2 11.1808
508 60 1
45 9 10.8787
861 764 1
124 1 10.3518
862 834 1
132 2 13.2142
726 201 1
67 2 11.4347
779 654 1
20 1 9.84098
642 499 1
20 1 9.84098
863 57 1
20 1 10.3518
660 692 1
20 1 10.3518
484 864 1
76 2 15.395
594 176 1
20 1 10.3518
865 187 1
43 2 10.5677
395 493 1
70 2 11.367
276 866 1
80 2 12.0207
867 200 1
135 2 10.7309
313 626 2
150 7 14.2058
125 4 12.2452
778 712 1
79 4 11.3121
868 365 1
25 1 9.84098
191 334 1
119 1 10.3518
191 515 8
101 5 12.872
40 31 16.7375
6 4 12.0429
154 6 13.4911
102 5 12.872
72 4 12.0429
28 11 15.147
47 8 14.3542
187 2 1
84 3 10.0117
756 869 1
104 2 12.8151
870 871 1
8 1 10.3518
869 211 3
115 2 10.456
31 2 10.456
94 2 10.456
187 700 1
127 4 15.4126
679 260 3
83 6 11.026
11 5 10.52
47 4 9.8424
872 873 1
149 3 10.8411
395 874 1
44 2 11.9215
456 365 1
131 2 13.0013
65 464 1
144 2 11.3023
2 190 1
139 3 12.9175
636 470 2
13 2 14.1349
55 2 14.1349
875 100 1
55 2 10.0779
590 48 1
71 2 11.5799
300 158 1
113 2 11.4347
876 176 1
86 5 14.3619
877 150 1
113 2 13.4626
313 448 1
140 2 14.1349
878 371 1
103 2 13.4626
448 167 1
123 8 17.1227
8 184 1
143 2 10.224
390 879 1
17 2 10.9639
34 293 1
17 2 11.0684
285 263 1
134 3 12.9731
470 362 1
17 2 13.4626
241 587 1
4 23 14.7285
880 344 1
10 3 10.5294
530 881 1
112 2 12.6497
479 117 1
28 9 14.1243
630 882 1
15 2 9.50688
285 57 1
134 3 12.8114
731 170 4
36 16 18.1632
160 4 13.7763
51 8 16.4203
49 8 16.4203
4 664 1
62 2 11.6582
883 325 1
134 5 14.4907
884 885 2
78 2 10.255
99 3 12.2432
886 869 1
154 1 10.3518
74 564 1
78 2 10.3859
75 244 1
24 4 12.4468
887 30 1
75 3 10.1335
20 154 1
78 5 10.5065
744 888 1
148 2 13.7611
605 146 2
7 2 11.6582
46 2 11.6582
85 623 1
64 2 12.5008
889 191 1
28 2 13.4626
717 134 1
117 3 11.7554
679 154 1
63 6 10.5891
295 263 1
15 2 10.9143
890 74 1
90 2 12.3655
53 125 12
63 3 12.4409
116 3 12.4409
93 3 12.4409
0 8 16.4203
27 8 16.4203
48 3 12.4409
155 10 17.0757
114 3 12.4409
26 11 17.3272
13 6 15.433
55 5 14.7247
156 3 12.4409
891 892 1
111 1 9.50449
679 262 5
0 8 11.6135
155 10 12.0771
26 11 12.255
13 6 10.9152
55 5 10.4143
893 100 1
0 1 9.84098
479 894 1
145 1 9.84098
332 138 1
158 1 9.84098
895 70 1
158 1 10.3518
896 784 1
158 1 10.3518
502 236 1
158 2 10.9143
323 15 2
89 3 12.4409
31 2 10.4205
208 614 1
158 2 11.0153
823 98 2
158 3 15.7761
30 2 13.2142
897 95 1
9 3 10.8582
322 898 1
72 1 10.3518
899 133 1
113 2 11.2403
433 900 1
29 3 11.4915
317 73 1
60 3 10.1682
336 768 1
126 2 12.8151
427 901 1
8 1 10.3518
105 201 1
150 3 12.3591
902 383 1
59 2 13.0013
62 176 1
16 2 11.9215
903 904 1
88 2 11.1235
744 667 1
126 2 13.2142
64 149 1
89 2 12.8151
769 172 1
160 1 10.3518
721 403 1
69 2 13.4626
869 385 1
65 3 10.5438
470 240 2
17 4 11.366
71 4 11.366
829 260 1
153 3 14.2328
905 30 1
7 2 10.9143
740 206 1
4 4 12.1618
470 144 1
123 2 13.0013
332 906 1
98 2 13.2142
105 324 1
99 3 15.2997
469 53 5
39 4 11.0983
161 8 13.2283
97 7 12.8753
13 4 11.0983
55 5 11.8623
894 907 1
85 1 9.84098
181 414 1
126 2 13.4626
818 365 1
132 5 15.7989
105 873 1
37 2 14.6353
212 908 1
53 2 10.7309
693 227 1
1 2 12.5008
2 757 1
34 1 10.3518
699 909 1
33 1 9.25316
910 911 1
18 1 10.3518
325 182 1
53 2 14.1349
352 349 1
105 3 10.4731
42 358 2
76 2 11.8285
19 2 11.8285
912 297 1
141 2 12.0207
188 630 4
158 7 10.0166
15 7 10.0166
46 7 10.0166
35 7 10.0166
913 117 1
33 1 10.3518
914 915 1
46 1 10.3518
417 76 1
86 3 13.2801
515 176 6
101 5 10.8252
40 31 14.076
154 6 11.3459
102 5 10.8252
28 12 12.8967
47 8 12.0717
916 917 1
33 1 10.3518
181 464 1
144 2 11.6582
918 314 2
131 5 16.9857
110 2 12.0207
285 489 2
144 4 10.9053
16 6 12.2167
919 604 1
135 1 10.3518
920 781 1
30 1 10.3518
921 922 1
152 1 10.3518
2 267 2
62 2 11.367
98 6 16.8347
923 362 1
137 4 14.2445
348 924 1
23 6 14.1658
829 148 1
14 2 10.6068
179 121 2
47 2 10.6884
58 2 10.6884
925 926 1
73 2 13.7611
341 371 1
76 3 15.1022
402 927 1
132 2 15.395
26 58 1
108 1 10.3518
826 76 2
76 2 13.4626
86 2 13.4626
928 929 1
145 2 14.1349
376 930 1
137 2 13.2142
931 176 1
132 2 14.1349
859 327 1
7 1 9.84098
866 932 1
7 1 9.84098
542 541 1
7 1 10.3518
437 264 1
7 2 10.6884
9 820 1
7 2 11.5055
933 70 1
7 3 12.4409
331 176 2
3 8 12.885
117 5 11.5545
251 203 1
92 1 10.3518
669 934 1
92 3 10.3397
391 837 1
76 2 12.6497
935 53 1
0 1 9.84098
12 297 2
106 16 11.4813
66 7 10.1026
687 936 1
56 2 14.1349
60 339 1
25 2 9.91961
93 118 1
72 2 12.5008
414 271 1
104 3 15.1022
193 149 2
22 6 11.634
133 3 9.37841
734 235 1
101 1 9.05246
585 868 1
6 2 12.2415
605 444 1
118 1 10.3518
894 584 1
6 2 13.7611
515 937 1
6 2 15.395
325 585 1
101 5 18.6722
161 187 1
104 6 13.3252
199 414 1
104 2 14.6353
467 161 1
104 2 15.395
294 938 1
44 2 11.5799
2 939 1
151 1 9.50449
516 220 1
105 4 13.7763
246 940 1
151 1 9.84098
524 208 1
123 2 14.1349
941 584 1
151 1 10.3518
307 942 1
151 1 10.3518
943 184 1
151 1 10.3518
494 107 1
6 2 12.127
413 80 2
120 1 9.25316
129 1 9.25316
944 99 1
155 2 12.6497
42 187 2
117 3 10.3919
14 4 11.5074
945 104 1
50 3 13.4936
515 95 1
40 2 14.6353
399 946 2
138 11 17.1045
22 3 12.281
118 146 1
26 3 13.2801
947 12 1
116 2 15.395
639 191 1
44 2 11.1808
493 668 1
130 2 12.0207
372 948 1
74 1 10.3518
793 144 1
13 1 9.84098
948 187 1
74 1 10.3518
418 793 1
114 5 14.4907
20 250 1
1 3 9.92809
430 394 2
88 5 10.9875
84 5 10.9875
456 678 3
9 3 11.3275
40 4 12.5435
38 4 12.5435
949 176 1
35 1 10.3518
692 272 1
161 2 11.3023
105 203 1
89 3 14.3512
950 114 1
102 3 14.7629
461 460 1
48 2 11.0153
187 796 1
115 4 9.60391
951 952 1
82 2 13.4626
293 923 1
137 2 12.8151
349 75 1
10 2 13.2142
623 905 1
7 2 10.3521
486 270 1
78 3 12.9731
953 954 1
105 2 9.26237
870 251 1
77 1 9.84098
630 410 1
50 2 11.1808
235 953 1
99 4 12.0429
423 12 5
147 2 10.9143
42 5 15.4224
95 2 10.9143
18 2 10.9143
66 3 13.0304
209 144 1
18 2 13.4626
54 919 1
22 2 10.1638
283 35 1
37 2 14.1349
132 207 1
68 1 10.3518
642 122 1
68 2 11.1808
955 834 2
108 2 12.0207
68 2 12.0207
956 902 1
108 1 10.3518
412 284 1
57 1 8.31474
872 452 2
120 2 14.6353
129 2 14.6353
453 373 1
41 6 14.8445
804 957 1
74 1 10.3518
958 719 1
57 1 9.50449
132 178 2
68 3 17.4728
2 2 14.6353
642 237 1
13 1 9.50449
959 960 1
75 1 10.3518
293 73 1
25 14 10.5215
760 447 1
104 2 12.127
339 685 3
42 9 11.911
71 5 10.4533
66 6 10.9561
277 961 1
1 1 8.88539
886 765 1
32 1 10.3518
394 211 1
20 2 10.4205
962 963 1
1 1 9.50449
372 464 1
1 1 9.50449
382 964 1
72 1 10.3518
965 786 1
1 1 9.84098
966 967 1
1 1 10.3518
670 73 1
1 2 10.7747
968 269 1
103 2 13.2142
969 176 1
34 2 11.7409
336 178 1
49 3 12.281
850 122 1
49 2 14.6353
54 970 1
7 3 10.055
971 850 1
49 3 15.2997
7 439 1
49 3 18.3798
466 208 1
137 3 12.7607
661 263 1
125 19 12.848
972 789 1
145 1 10.3518
973 2 1
145 1 10.3518
974 376 1
145 1 10.3518
302 975 1
145 1 10.3518
332 602 1
145 1 10.3518
443 976 1
145 1 10.3518
332 974 1
145 1 10.3518
810 138 1
153 4 12.4234
977 955 1
145 2 14.6353
44 393 1
114 4 12.1823
167 339 1
42 3 13.0896
919 338 1
23 4 12.224
433 279 1
46 3 10.001
392 53 1
137 2 12.6497
473 745 1
157 2 14.6353
38 639 1
31 1 10.3518
124 628 1
90 3 13.825
978 35 1
31 1 10.3518
332 979 1
102 1 9.84098
59 122 1
108 1 10.3518
187 980 1
138 2 10.9639
313 595 1
155 2 11.7409
981 7 1
155 2 13.0013
552 339 1
18 1 10.3518
279 982 1
15 1 10.3518
265 74 1
110 1 10.3518
343 227 1
149 3 10.9463
331 628 1
117 3 14.9245
983 984 1
22 4 11.0396
985 697 1
75 1 10.3518
986 386 1
5 2 11.8285
130 667 6
112 9 16.0955
90 5 14.1257
8 4 13.2159
32 8 15.7523
159 8 15.7523
23 5 14.1257
818 899 2
40 6 12.3413
67 6 12.3413
414 987 1
90 6 13.694
818 46 1
132 2 12.6497
988 6 1
114 3 12.1343
785 612 1
114 2 12.2415
678 133 1
37 2 10.6068
649 418 4
161 5 11.0473
81 4 10.3358
97 5 11.0473
152 4 10.3358
1 516 1
105 4 12.203
989 336 2
21 4 15.0276
49 6 16.8347
827 985 1
152 2 11.1808
771 333 3
82 5 13.8471
148 6 14.5131
14 12 16.4969
990 176 1
149 5 11.9009
183 990 1
149 5 12.1484
922 399 1
154 2 12.127
991 795 1
30 1 10.3518
331 139 1
157 8 24.2588
992 701 1
96 1 10.3518
132 187 2
127 2 12.127
2 3 14.4781
73 993 1
71 2 15.395
411 61 1
109 2 11.7409
537 994 1
158 1 10.3518
467 42 1
127 4 14.8601
631 995 1
20 4 11.9308
524 500 1
101 1 9.05246
972 450 1
57 1 6.8543
996 541 1
30 2 12.6497
199 679 1
60 2 11.4347
170 849 1
117 1 10.3518
98 97 9
57 3 8.24561
158 8 10.8831
29 10 11.3175
124 13 11.7505
15 14 11.8585
30 16 12.0383
46 12 11.6269
35 12 11.6269
45 19 12.2435
274 57 1
7 3 9.97989
178 12 1
17 4 12.4002
997 777 1
108 2 10.319
998 999 1
141 3 11.7554
1000 509 1
55 1 9.50449
1001 327 1
143 2 11.6582
178 457 1
114 4 11.7405
314 191 1
131 3 15.2997
452 176 2
120 2 9.97052
129 2 9.97052
1002 176 1
71 1 10.3518
509 828 1
69 4 11.9127
105 821 1
60 3 10.3269
183 1003 1
15 2 11.7409
260 338 1
122 8 17.3574
352 616 1
143 1 10.3518
96 1004 1
62 2 13.2142
392 282 1
18 2 12.2415
919 869 1
41 4 15.6376
489 1005 1
101 1 9.25316
545 341 1
96 1 10.3518
642 250 1
68 2 10.6884
99 107 1
95 2 11.7409
193 687 1
113 2 11.0153
457 546 1
25 1 10.3518
144 867 1
87 1 10.3518
2 95 1
139 1 9.84098
953 349 1
46 2 11.4347
26 362 1
9 2 12.0207
349 934 1
58 2 11.5799
642 333 1
102 3 12.6165
311 154 1
130 2 11.9215
636 325 1
32 1 9.25316
315 137 1
32 1 9.25316
157 1006 1
32 1 9.50449
518 464 1
93 5 16.2578
1007 24 1
32 1 9.84098
1008 165 1
32 1 9.84098
1009 605 1
10 2 12.5008
319 894 2
88 6 10.279
113 7 10.6447
607 444 1
154 3 10.8411
2 833 1
101 1 10.3518
562 1010 1
33 1 9.84098
146 41 1
57 1 6.87473
585 193 1
99 5 11.7266
325 744 2
39 2 11.5055
65 2 11.5055
208 487 1
45 2 12.2415
598 386 1
67 3 13.9185
1011 211 1
88 3 11.5162
186 232 1
138 2 11.9215
842 47 1
142 2 13.4626
181 191 1
154 2 10.3859
1012 96 1
62 2 13.4626
1013 1014 1
154 1 10.3518
1015 113 1
154 1 10.3518
2 108 1
154 1 10.3518
515 699 1
154 1 10.3518
199 737 1
161 3 13.1509
946 362 1
154 2 13.0013
963 1016 1
8 4 19.3484
515 793 1
154 1 10.3518
80 149 1
83 3 11.784
348 170 1
117 1 10.3518
741 66 1
41 5 13.1576
967 450 1
85 1 9.84098
1017 178 1
123 4 10.9825
846 524 1
123 2 13.0013
13 69 1
123 2 15.395
126 285 1
123 4 20.3528
227 937 1
56 3 13.0304
30 1018 1
75 1 10.3518
99 681 2
17 3 11.7271
71 3 11.7271
197 396 1
87 1 10.3518
293 98 2
45 4 17.7981
70 3 16.0727
355 1019 1
22 2 13.4626
300 963 1
8 4 19.3484
95 182 2
53 2 13.4626
56 2 13.4626
152 138 1
130 2 11.367
315 99 1
114 2 12.2415
96 432 1
158 5 12.8926
22 1020 1
130 2 14.1349
249 440 4
115 3 12.2062
77 2 10.224
89 5 14.4469
94 2 10.224
667 238 1
130 3 16.8753
532 151 1
130 4 19.3484
1021 1022 1
97 1 10.3518
1023 1024 1
94 2 14.1349
28 819 1
25 1 9.84098
1025 118 1
70 2 11.0684
1026 181 1
87 1 10.3518
776 194 2
84 4 11.7405
145 4 11.7405
974 176 1
145 1 10.3518
85 1027 1
153 3 12.0318
913 494 1
52 2 11.4347
533 939 1
52 2 11.5055
642 161 1
126 2 15.395
1028 573 1
52 2 13.4626
1029 357 2
131 2 13.7611
52 2 13.7611
1030 116 1
52 2 13.7611
997 72 1
88 1 10.3518
110 293 1
42 2 13.2142
348 1031 1
107 1 9.25316
598 2 1
102 15 19.0649
99 478 1
144 3 11.097
105 397 1
85 1 9.25316
1032 894 1
85 1 9.50449
71 772 1
150 1 10.3518
1033 440 1
95 2 11.1235
1034 453 1
50 2 12.3655
778 941 1
12 2 11.8285
2 672 1
153 6 13.8657
670 267 2
115 2 10.5295
50 3 12.5709
105 245 1
78 1 10.3518
89 323 1
14 2 11.5055
1035 367 1
101 1 8.88539
76 643 1
14 2 14.6353
1036 1037 1
73 1 10.3518
1038 376 1
47 1 9.84098
1039 158 1
88 2 11.9215
101 201 1
53 2 10.7747
268 1040 1
50 5 16.4736
439 176 1
49 9 13.5165
1041 1042 1
34 1 10.3518
65 1043 1
34 1 10.3518
2 1038 1
34 1 10.3518
110 983 1
34 1 10.3518
621 1044 1
34 1 10.3518
577 1045 1
34 1 10.3518
64 1046 1
34 1 10.3518
818 1043 1
34 1 10.3518
678 1047 1
34 1 10.3518
88 154 1
9 2 10.0232
969 411 1
34 2 13.2142
1043 577 1
34 3 13.825
1048 64 1
34 3 15.522
418 593 1
152 1 10.3518
7 614 1
137 3 13.6516
403 818 1
159 3 11.3501
744 238 1
130 2 10.8663
386 309 1
135 1 10.3518
380 628 1
142 3 10.4186
2 189 1
101 2 10.6068
249 353 5
89 3 12.4832
149 3 12.4832
60 2 10.456
31 3 12.4832
150 2 10.456
481 733 1
160 1 10.3518
214 99 2
55 2 9.37963
156 4 12.4002
1049 1050 1
4 6 12.8106
761 192 1
116 3 13.7362
236 205 1
121 10 11.932
178 525 1
68 6 12.6576
85 509 1
64 2 10.6068
1051 985 1
80 2 12.5008
1052 886 1
32 4 10.0281
315 667 1
135 2 10.9639
285 188 1
97 2 11.1808
1053 1054 1
124 1 10.3518
430 98 1
124 1 10.3518
420 1053 1
124 1 10.3518
864 47 1
76 2 15.395
142 662 1
124 1 10.3518
11 861 1
124 1 10.3518
1055 764 1
124 1 10.3518
97 681 1
124 2 13.4626
11 822 1
124 2 13.4626
2 953 1
101 1 9.84098
51 98 1
29 1 10.3518
382 79 1
10 2 10.106
53 509 1
13 2 9.75398
873 500 1
149 3 10.6324
96 380 1
90 2 12.8151
240 368 2
13 2 10.5295
55 2 10.5295
509 1056 1
21 3 16.8753
99 362 6
39 7 12.3796
155 7 12.3796
65 4 10.671
59 3 9.63658
13 5 11.4056
55 4 10.671
53 178 6
39 4 12.5937
161 8 15.0106
97 7 14.6101
59 2 9.52598
13 4 12.5937
55 5 13.4606
73 299 1
60 1 10.3518
881 174 1
112 2 12.8151
354 85 2
91 2 9.97052
12 2 9.97052
789 1057 1
87 2 14.6353
886 176 1
32 4 9.17106
150 489 1
150 2 12.8151
829 144 1
59 1 9.84098
641 1021 1
119 1 10.3518
1058 713 1
1 2 9.73175
1059 368 1
134 3 18.3798
612 150 1
9 2 11.8285
587 253 1
56 3 12.0995
1060 99 1
134 2 13.4626
371 771 1
148 2 13.7611
469 353 1
92 3 9.87774
71 686 1
99 4 15.0276
1061 76 9
76 6 16.3925
73 7 16.9757
82 19 19.6213
103 11 18.4045
19 7 16.9757
100 7 16.9757
148 8 17.4411
14 12 18.6332
43 11 18.4045
170 491 1
36 2 13.7611
912 37 1
101 2 10.4205
1062 829 1
92 2 12.8151
736 115 1
133 1 9.84098
349 713 1
58 2 11.5055
359 229 1
152 1 9.84098
68 718 1
125 2 12.0207
121 1038 2
47 2 10.3521
58 2 10.3521
1063 418 2
120 1 9.50449
129 1 9.50449
793 930 1
114 2 13.2142
389 353 1
61 5 14.4907
687 766 1
99 2 11.8285
1060 353 1
85 1 9.25316
193 690 1
99 2 13.7611
686 1064 1
99 2 14.6353
1065 353 1
99 7 22.4463
336 721 1
2 2 13.7611
20 479 1
78 10 15.7391
740 1066 1
126 1 10.3518
24 15 2
60 2 11.8285
133 2 11.8285
76 628 1
19 1 10.3518
201 312 1
150 3 15.7761
781 1067 1
87 2 9.87038
290 197 2
87 2 10.0232
7 3 11.9665
987 420 5
109 18 15.0746
80 16 14.8968
53 19 15.1508
56 9 13.7608
119 11 14.2112
1068 1069 1
102 2 10.8198
1061 176 9
76 6 15.1877
73 7 15.7281
82 19 18.1793
103 11 17.0519
19 7 15.7281
100 7 15.7281
148 8 16.1594
14 12 17.2638
43 11 17.0519
934 830 1
87 1 10.3518
600 161 1
104 6 19.2551
2 1070 1
110 1 10.3518
35 122 1
20 3 11.9036
374 585 1
25 1 9.84098
249 675 1
51 2 14.6353
1071 621 1
153 2 13.0013
1072 384 1
115 1 10.3518
393 1073 1
89 2 12.3655
420 847 1
53 4 11.4783
585 2 1
6 3 13.7362
1074 658 1
71 2 12.8151
1075 463 1
69 1 10.3518
1076 1077 2
105 2 10.3859
61 7 15.929
85 1078 1
158 1 10.3518
369 582 1
33 1 9.50449
252 395 1
44 5 11.691
76 1079 1
148 2 15.395
1080 1081 1
152 1 9.84098
1082 1083 1
156 1 10.3518
772 389 1
61 2 10.4923
395 1084 1
44 3 11.7554
106 1085 1
33 1 10.3518
354 305 1
44 2 12.5008
1067 270 1
98 3 15.7761
264 191 1
40 5 12.8112
371 1040 1
103 2 12.8151
170 518 1
3 2 12.6497
170 5 1
3 2 13.4626
889 782 1
3 2 14.1349
908 1086 1
3 2 14.6353
336 228 1
3 3 14.9245
331 336 1
3 6 21.6751
509 403 1
32 2 9.62532
886 62 1
16 2 11.9215
499 260 1
110 2 12.0207
228 284 1
75 4 11.0983
178 520 1
75 2 11.3023
573 38 1
159 1 10.3518
1087 158 1
118 1 9.50449
81 767 1
44 2 13.7611
2 520 1
151 2 12.8151
458 549 2
109 5 16.9857
53 7 18.4362
1088 1089 1
139 1 9.50449
812 648 1
150 3 10.432
411 527 1
43 2 14.1349
590 668 1
95 2 11.8285
793 107 1
50 2 11.0153
153 609 1
19 1 10.3518
254 390 1
19 2 10.6471
995 198 1
122 3 12.3591
1090 98 1
29 1 10.3518
520 483 1
29 1 10.3518
235 1091 1
29 1 10.3518
138 996 2
29 2 10.7309
30 5 15.1633
368 1092 1
29 3 10.8411
630 208 1
29 3 13.6516
943 383 1
47 1 9.50449
320 763 1
146 1 9.84098
1020 150 1
90 2 13.7611
1093 77 1
146 1 10.3518
838 1094 1
146 1 10.3518
435 839 1
133 1 9.84098
101 961 1
109 2 12.5008
36 1095 1
135 1 10.3518
1096 201 1
133 2 11.8285
14 89 1
146 1 10.3518
105 902 1
133 2 15.395
569 1097 1
151 1 9.50449
285 79 1
13 2 13.2142
763 1098 1
146 2 11.8285
110 824 1
146 2 13.7611
946 600 1
75 2 10.2867
1020 824 1
36 2 14.1349
110 412 1
36 2 14.6353
914 634 1
36 2 15.395
170 11 1
36 3 15.7761
634 176 1
36 4 18.6868
412 535 1
36 7 21.6788
823 1099 1
156 2 11.4347
1100 1019 1
129 1 9.05246
190 573 1
26 4 12.8367
1101 924 1
121 2 12.3655
1102 794 1
26 2 13.2142
1103 1104 1
88 1 10.3518
529 73 1
26 6 14.3804
633 783 1
26 2 14.6353
802 316 3
93 3 14.2328
26 4 15.7606
121 2 11.9215
148 57 1
27 2 12.3655
385 1105 1
15 1 10.3518
284 357 1
19 2 11.5055
132 834 1
68 1 10.3518
1106 1107 1
2 3 14.2328
499 540 1
78 11 16.8041
132 176 7
36 8 14.9805
96 12 16.0044
117 9 15.3069
157 13 16.1745
51 14 16.3231
68 13 16.1745
2 20 16.9301
825 176 1
79 4 12.725
65 99 1
67 4 11.4928
53 271 1
121 2 12.5008
152 207 1
10 3 10.8929
240 1003 3
103 3 13.4195
86 6 16.647
100 2 11.2403
461 918 1
48 2 10.5677
402 182 1
80 2 13.4626
896 100 1
134 2 12.6497
260 174 1
6 3 14.3512
690 150 1
127 2 12.3655
572 1108 1
79 2 10.5295
1109 122 1
98 2 11.5055
322 176 2
24 6 12.3801
58 4 11.0512
76 40 1
103 2 12.5008
230 480 1
133 1 9.50449
357 556 1
134 2 11.5055
440 1065 1
4 3 12.4409
785 35 1
20 2 9.94485
64 152 1
125 2 13.7611
231 723 1
136 1 10.3518
582 126 1
46 2 10.0503
930 1110 1
110 3 10.4456
394 397 1
91 2 9.68826
1111 122 1
108 1 10.3518
454 632 1
72 2 11.5055
442 35 1
1 1 9.05246
326 659 1
112 4 16.3476
1024 1112 1
108 2 11.7409
494 64 1
89 5 12.021
1113 13 1
17 2 13.0013
675 295 1
77 1 9.84098
73 35 1
140 3 14.4781
266 552 1
35 1 9.50449
423 228 1
71 3 11.1368
9 1114 1
77 1 10.3518
1095 187 1
135 1 10.3518
145 744 2
123 2 12.8151
140 2 12.8151
132 7 1
68 1 10.3518
132 259 2
157 2 14.6353
51 3 17.4728
1077 516 2
105 2 9.89479
61 7 15.1757
889 493 1
70 2 10.6884
293 1115 1
148 2 12.3655
219 680 1
25 1 10.3518
390 138 1
10 8 10.4757
762 171 1
45 2 10.6884
469 586 2
79 2 11.9215
56 3 14.2328
99 504 1
39 6 11.9868
515 1116 1
40 2 15.395
201 1117 1
29 2 10.3859
1118 181 1
113 2 10.456
133 1062 1
37 10 11.9963
930 124 1
37 3 12.8114
246 1119 1
149 1 10.3518
105 435 1
37 2 14.1349
130 152 3
69 3 10.9463
112 4 12.1214
130 4 12.1214
829 99 1
63 3 10.663
686 829 1
134 3 12.1699
57 1120 1
20 1 10.3518
136 855 1
81 1 10.3518
265 2 4
9 2 10.6884
11 5 15.1032
110 6 15.8297
58 5 15.1032
499 403 1
41 5 16.0621
1121 1122 1
46 1 10.3518
1123 913 1
70 1 10.3518
1124 447 1
160 2 13.4626
3 783 1
120 1 9.84098
453 207 1
137 2 11.1808
1125 337 2
142 3 11.4193
97 3 11.4193
414 412 1
41 3 12.9731
395 100 1
114 2 13.2142
1094 285 3
142 5 13.6899
65 3 11.5666
140 6 14.3484
285 332 2
142 2 11.8285
106 2 11.8285
414 636 1
69 1 10.3518
590 349 1
106 2 12.6497
639 386 1
44 2 11.0153
35 64 1
125 21 14.8858
1126 264 1
119 3 15.7761
193 698 1
60 2 13.2142
307 150 1
150 5 11.0648
26 92 2
120 2 10.6884
129 2 10.6884
1127 985 1
35 2 14.1349
236 60 1
26 5 20.6803
273 488 1
11 3 11.097
105 187 5
138 5 10.4015
120 7 11.2897
129 7 11.2897
143 5 10.4015
60 8 11.5992
326 52 1
5 1 10.3518
1112 368 1
108 2 11.8285
671 1128 1
122 2 11.1808
833 1129 1
5 1 10.3518
52 408 2
90 2 11.6582
43 2 11.6582
41 138 1
57 1 6.96089
1130 834 1
132 6 16.9349
658 1060 1
41 3 12.7113
373 828 1
41 3 12.9175
414 338 1
41 3 13.0896
141 506 1
84 1 10.3518
373 479 1
41 2 13.7611
479 672 1
84 1 10.3518
315 314 1
41 6 20.3804
134 902 1
57 1 7.2754
1131 902 1
84 1 10.3518
801 1132 1
84 1 10.3518
78 1133 1
108 1 10.3518
479 386 1
84 3 11.3729
103 1134 1
57 1 8.15435
105 1062 1
92 5 11.7147
146 819 1
57 1 8.88539
897 349 1
122 2 12.8151
1135 370 1
127 2 11.9215
98 453 1
57 1 9.50449
47 451 1
57 1 9.84098
540 777 2
73 2 11.3023
100 2 11.3023
761 1136 1
47 1 9.50449
1137 667 1
130 3 12.3591
515 89 1
47 1 10.3518
664 698 1
17 2 11.4347
995 81 1
47 1 10.3518
145 178 1
134 4 11.4928
515 189 1
47 2 14.6353
514 271 1
32 1 9.84098
293 600 1
87 2 9.84636
1138 470 1
146 1 10.3518
1139 263 1
64 2 12.8151
209 176 2
95 7 17.148
18 3 13.3485
411 869 1
119 1 10.3518
65 148 1
81 2 11.5055
247 936 1
119 1 10.3518
1140 53 1
95 2 14.1349
6 1141 1
111 1 9.50449
69 52 1
44 2 10.7747
385 698 1
67 2 10.6471
100 53 1
116 14 13.6782
188 193 1
22 8 11.515
946 737 2
138 11 17.0003
22 3 12.2062
576 1142 1
118 2 11.8285
1143 60 1
12 1 9.84098
509 447 2
112 8 13.7868
126 8 13.7868
642 7 1
104 8 12.742
7 405 1
77 1 9.84098
1070 74 1
101 1 9.50449
2 390 3
101 4 9.8424
24 7 11.4183
11 5 10.52
320 358 1
73 2 11.0153
405 118 1
44 5 10.6454
236 493 1
17 7 18.4362
933 648 1
38 3 12.0318
149 332 1
38 3 12.0653
111 177 1
28 3 15.7761
1065 75 1
4 3 12.2062
160 951 1
38 3 16.8753
338 1144 1
37 1 10.3518
605 41 1
10 2 10.224
393 285 1
161 2 11.1808
76 469 1
73 1 10.3518
264 2 23
9 12 16.0691
83 23 17.1931
62 15 16.5208
101 11 15.8719
34 12 16.0691
153 21 17.069
24 12 16.0691
151 10 15.6415
6 18 16.8362
38 9 15.3688
154 11 15.8719
98 18 16.8362
102 6 14.1367
131 14 16.3891
72 8 15.0411
11 13 16.2399
52 15 16.5208
28 20 16.9985
110 15 16.5208
139 9 15.3688
132 17 16.7422
47 15 16.5208
58 5 13.488
639 783 1
78 2 11.1808
1145 362 1
86 4 18.1926
145 99 1
67 2 12.0207
573 348 1
98 2 10.5295
256 187 1
98 2 12.3655
256 295 1
98 2 14.6353
2 1073 1
98 2 14.6353
132 447 1
108 1 9.84098
24 447 1
36 3 16.0727
30 395 1
75 2 12.3655
466 508 1
45 4 14.7057
524 108 1
109 2 11.5055
530 75 1
24 2 10.6068
977 1146 1
151 1 9.84098
343 284 1
35 2 9.77654
110 872 1
19 2 10.6884
265 807 1
151 1 10.3518
285 49 1
155 3 13.4195
1147 54 1
44 2 12.3655
382 1148 1
160 1 9.84098
390 98 2
15 5 11.3449
30 4 10.6142
2 924 4
62 2 11.7409
6 2 11.7409
102 2 11.7409
110 2 11.7409
73 13 12
142 3 11.4671
42 8 15.135
106 10 15.7391
95 6 14.225
17 7 14.7311
140 7 14.7311
18 4 12.698
25 9 15.4648
71 4 12.698
66 5 13.5722
141 6 14.225
5 6 14.225
187 182 1
119 2 10.5295
309 766 1
89 2 12.0207
868 338 1
60 2 11.367
118 493 1
92 3 10.487
250 941 1
128 1 9.50449
243 421 1
64 1 10.3518
170 187 1
49 7 15.2138
1149 357 1
159 2 11.7409
955 934 1
157 9 17.9099
1007 403 1
159 1 10.3518
412 447 1
69 2 13.7611
857 67 1
90 2 13.4626
767 639 1
115 1 10.3518
7 152 3
157 9 14.5527
68 6 13.386
104 8 14.2423
399 568 1
61 8 11.4808
400 53 1
27 2 13.4626
502 358 1
148 2 14.6353
76 1150 1
43 1 10.3518
246 1151 1
113 3 11.784
30 1144 1
75 2 10.8198
569 221 1
70 4 12.7523
642 181 1
132 5 14.8787
689 103 1
77 1 9.84098
397 1152 1
136 1 9.84098
1153 752 1
76 3 11.1774
1016 977 1
8 1 10.3518
7 60 1
132 3 11.2833
1154 365 1
52 2 14.6353
39 744 1
8 1 10.3518
1155 427 1
8 1 10.3518
428 176 1
8 5 10.756
1156 823 1
109 2 11.9215
324 353 1
115 2 9.34518
1157 463 1
8 2 14.1349
531 428 1
8 2 14.6353
699 1158 1
8 2 15.395
1066 690 1
107 2 11.2403
699 390 1
8 3 17.4728
901 699 1
8 3 18.3798
68 447 1
126 2 15.395
511 991 1
29 2 13.2142
60 293 1
70 7 12.8892
53 761 1
116 3 12.9175
506 661 1
116 2 15.395
146 236 1
26 7 13.4015
675 1080 1
101 1 10.3518
284 133 1
49 6 16.7389
1159 539 1
100 2 11.9215
1160 843 1
2 2 15.395
980 185 2
138 7 14.2306
133 2 9.27857
263 211 1
60 3 10.9106
921 105 1
92 1 10.3518
171 49 1
12 2 9.68826
558 721 1
69 2 11.4347
1161 844 1
81 2 9.77654
1162 348 1
23 3 11.4671
76 467 1
19 1 10.3518
154 287 1
140 2 12.2415
371 509 2
76 3 14.7629
86 3 14.7629
2 1163 1
52 2 14.1349
1164 151 1
103 3 12.3995
1147 415 1
135 1 10.3518
190 1165 1
79 1 10.3518
757 453 1
79 2 14.6353
246 213 1
107 2 14.1349
414 149 1
132 5 11.4682
40 1166 2
100 3 11.039
148 5 13.0655
163 576 1
118 1 9.84098
170 379 1
51 2 15.395
470 368 7
147 4 12.4946
42 5 13.3547
123 4 12.4946
106 4 12.4946
140 5 13.3547
18 3 11.2833
141 6 13.9971
311 40 1
82 4 16.7233
209 53 1
95 6 19.2551
532 174 1
112 4 18.6868
785 118 1
20 2 13.7611
911 930 1
81 2 13.4626
493 1167 1
144 1 10.3518
140 834 1
127 2 11.9215
1168 99 1
155 2 14.1349
533 1168 1
155 2 14.6353
509 1169 1
104 2 12.2415
1143 211 1
91 3 11.6993
203 661 1
125 5 17.6642
876 1145 1
86 5 17.6642
946 1092 1
46 1 9.84098
293 328 1
109 2 10.7309
784 71 1
17 2 11.1235
53 384 1
39 2 12.3655
132 133 2
68 4 18.1926
2 2 13.7611
457 293 1
95 2 11.367
203 35 1
125 19 15.6774
383 398 1
59 4 12.5435
316 633 3
93 3 14.2328
26 4 15.7606
121 2 11.9215
70 509 1
143 2 10.8663
1170 517 1
105 2 9.32824
325 144 1
123 2 12.2415
105 188 1
115 1 9.50449
105 325 1
37 1 10.3518
232 667 1
112 4 16.9421
1171 1062 1
37 1 10.3518
1144 95 1
60 2 10.4923
519 365 2
83 7 11.2758
151 4 9.71959
793 31 1
45 2 10.8198
1172 31 1
45 2 10.9639
57 284 1
45 5 13.8471
6 605 1
87 2 10.5295
758 1173 1
77 1 9.84098
252 248 1
46 1 10.3518
500 695 2
80 5 13.8471
56 5 13.8471
564 832 1
136 1 10.3518
643 390 1
100 2 10.8198
1033 900 1
24 1 10.3518
439 170 1
49 7 20.2667
703 1174 1
70 5 10.7484
132 511 1
96 1 10.3518
621 414 1
90 2 12.127
43 39 1
50 2 10.9143
695 678 2
80 5 13.8799
56 5 13.8799
60 69 3
95 2 12.127
18 2 12.127
66 2 12.127
336 378 1
21 4 16.9421
518 1064 1
94 1 9.50449
105 737 1
94 1 9.50449
304 690 1
94 1 9.50449
165 372 1
94 1 9.50449
1172 1133 1
94 1 10.3518
1175 737 1
94 1 10.3518
846 1176 1
94 1 10.3518
189 327 1
94 1 10.3518
105 137 1
94 2 10.9639
440 1023 1
94 2 13.7611
1086 753 1
3 5 19.445
89 402 4
147 6 11.9542
134 5 11.4056
18 4 10.671
66 4 10.671
590 737 3
89 7 12.8342
22 3 9.99044
133 3 9.99044
97 1177 1
15 1 9.50449
1145 176 1
86 12 13.434
263 402 1
156 2 12.2415
145 1178 1
65 1 10.3518
43 595 1
65 5 11.0735
65 889 1
65 2 12.3655
85 124 1
128 3 10.2765
125 1094 1
65 2 14.6353
784 70 1
99 6 12.2047
194 1160 1
84 2 11.6582
197 1092 1
46 1 10.3518
533 412 1
6 2 11.5799
863 176 1
20 1 10.3518
282 600 1
81 2 10.7747
125 679 12
63 3 12.3196
116 3 12.3196
93 3 12.3196
0 8 16.2603
27 8 16.2603
48 3 12.3196
155 12 17.3716
114 3 12.3196
26 11 17.1584
13 6 15.2826
55 5 14.5812
156 3 12.3196
56 125 1
55 2 10.4205
57 125 2
0 2 11.6582
134 3 13.9185
1172 1179 1
145 1 10.3518
333 415 1
23 1 10.3518
95 139 2
80 2 12.127
56 2 12.127
1180 667 1
80 2 12.5008
420 180 2
109 2 14.6353
80 2 14.6353
420 379 1
80 2 15.395
14 98 1
35 1 9.50449
797 176 1
35 9 9.68824
1181 697 1
35 1 9.84098
1182 138 1
35 1 9.84098
332 949 1
35 1 10.3518
818 98 1
35 1 10.3518
343 98 1
35 1 10.3518
797 136 1
35 1 10.3518
18 440 1
44 2 11.8285
812 304 1
128 1 9.84098
1125 317 1
47 2 10.8198
228 798 1
133 1 9.25316
293 1183 1
102 1 10.3518
105 267 1
50 2 11.6582
307 440 1
1 2 9.91961
1184 176 1
30 1 10.3518
447 336 3
112 11 15.5391
126 11 15.5391
23 6 13.8403
403 414 2
104 11 15.5964
32 2 9.37963
1185 416 1
119 2 11.8285
936 411 1
56 3 12.0995
2 244 2
83 5 16.2578
72 3 13.7362
307 1121 1
144 1 10.3518
591 569 2
144 7 11.1877
16 7 11.1877
102 56 1
144 2 14.6353
268 992 1
96 1 10.3518
1060 414 1
41 4 13.6858
444 773 1
50 2 15.395
1186 760 1
46 1 10.3518
482 176 1
11 3 12.2062
1187 237 1
59 1 9.50449
1188 96 1
147 3 11.9036
322 232 1
58 1 10.3518
433 970 1
111 3 8.92878
214 951 1
38 11 11.3697
183 1172 1
85 1 9.50449
301 53 2
116 2 11.5799
121 8 18.2471
56 178 1
144 2 10.4205
1020 1189 1
130 2 13.4626
88 394 1
158 1 9.84098
1190 353 1
128 2 11.8285
53 246 6
83 7 12.0673
62 6 11.6527
151 4 10.4018
52 6 11.6527
110 4 10.4018
139 6 11.6527
7 378 1
21 4 14.0758
859 1191 1
77 1 9.84098
65 248 1
137 3 11.157
930 323 1
137 2 11.2403
717 139 1
137 3 11.8428
349 1192 1
88 1 10.3518
139 362 1
137 5 18.6722
182 386 1
109 2 10.7747
685 670 1
25 1 10.3518
737 376 1
38 2 11.7409
240 449 1
38 2 11.8285
2 207 2
38 2 11.8285
132 7 18.1414
365 118 2
91 4 12.1823
12 3 11.0014
457 12 3
114 6 14.1367
106 4 12.6192
66 3 11.3959
642 85 2
91 2 10.9639
12 3 13.0896
817 73 1
62 4 17.4696
85 98 3
124 5 17.473
7 3 14.7629
61 2 12.3655
57 1169 1
32 1 9.25316
76 847 1
14 2 14.6353
470 12 11
142 3 10.6174
42 13 15.1303
106 11 14.7875
95 15 15.392
17 14 15.2694
140 8 14.0135
25 5 12.5664
71 5 12.5664
66 7 13.6395
141 16 15.5009
5 7 13.6395
282 1193 1
135 1 10.3518
1194 174 1
135 1 10.3518
1195 440 4
54 2 9.15366
85 3 10.9284
92 3 10.9284
125 4 12.1015
171 1196 1
135 1 10.3518
389 1197 1
143 1 10.3518
414 148 1
135 2 10.9639
878 293 3
62 5 12.3632
6 6 12.9579
98 6 12.9579
897 124 1
78 2 10.106
171 667 1
135 2 13.0013
1149 171 1
135 2 13.7611
104 12 1
102 2 10.4923
823 284 1
15 2 10.6471
1198 353 1
91 1 10.3518
1199 331 2
157 2 14.6353
51 2 14.6353
132 466 1
51 2 15.395
284 678 1
51 4 15.8917
473 210 1
51 3 18.3798
76 187 3
76 3 14.6148
82 3 14.6148
100 3 14.6148
7 132 2
157 3 17.4728
51 4 19.3484
152 170 1
51 5 20.6803
99 823 2
59 5 10.265
156 4 9.60391
1040 793 1
50 5 15.5651
65 247 1
90 4 11.4213
885 193 4
89 3 12.7113
138 2 10.6471
78 2 10.6471
99 3 12.7113
943 1200 1
8 3 12.7113
190 834 1
21 6 12.9243
323 1201 1
21 2 13.0013
150 335 1
21 2 13.2142
1056 758 1
21 3 14.7629
829 80 1
78 5 12.2996
132 978 2
36 3 16.8753
2 5 19.9732
81 630 1
78 5 12.5138
1202 870 1
101 1 8.88539
65 39 1
63 2 10.9639
889 440 1
22 4 14.4947
2 343 3
24 3 12.5709
151 3 12.5709
28 5 14.8787
215 1203 1
1 1 9.05246
267 1204 1
101 1 8.88539
285 325 1
140 2 12.127
996 503 1
134 2 11.1235
95 729 1
159 2 9.89479
290 323 1
111 1 9.50449
105 661 2
120 2 11.9215
129 2 11.9215
54 667 1
69 3 13.2801
636 138 1
10 1 9.84098
411 291 1
53 2 10.6471
75 429 1
10 1 10.3518
429 75 1
10 1 10.3518
132 475 1
96 1 10.3518
167 144 9
63 3 10.5583
39 6 13.0976
155 9 14.2391
123 10 14.4917
65 4 11.6916
59 4 11.6916
13 6 13.0976
121 5 12.4965
55 5 12.4965
53 263 1
116 2 11.9215
105 383 1
85 2 12.8151
366 176 2
21 8 12.6291
127 8 12.6291
152 132 1
127 2 13.4626
42 517 1
127 2 14.1349
284 370 1
127 3 15.1022
366 284 3
21 8 16.0626
127 8 16.0626
157 5 14.404
85 1205 1
136 1 10.3518
694 390 1
127 4 16.9421
700 139 3
21 7 18.284
127 9 19.1947
51 11 19.8229
502 506 1
48 2 10.3521
1206 570 1
136 1 9.84098
250 35 1
37 2 11.5055
105 1207 1
149 1 10.3518
263 43 1
125 10 12.8518
1136 493 2
83 6 13.2661
11 3 10.6941
85 749 1
4 2 12.5008
390 170 1
3 3 12.6165
587 718 2
4 23 21.1478
125 3 14.0172
1208 282 1
107 1 9.25316
923 988 1
114 2 14.6353
190 739 1
104 3 13.2143
980 176 1
138 7 12.0096
151 879 1
5 1 10.3518
300 53 3
63 2 12.2415
27 4 16.1836
13 3 14.6148
206 365 3
54 2 9.19929
150 3 10.9828
4 4 12.1618
488 582 1
61 3 11.1168
595 424 1
65 12 11.0212
152 331 1
117 5 14.5812
1209 1210 1
136 1 10.3518
995 110 1
131 2 11.367
1211 1212 1
60 1 10.3518
28 144 9
142 3 13.0896
42 4 14.4947
106 6 16.2377
25 3 13.0896
71 2 10.9639
66 2 10.9639
141 5 15.4925
146 2 10.9639
5 6 16.2377
271 573 1
92 1 10.3518
995 1166 1
20 1 10.3518
415 130 7
135 5 13.1812
112 11 15.5109
90 6 13.8152
8 5 13.1812
32 8 14.6991
159 8 14.6991
23 5 13.1812
1213 353 1
99 7 21.6788
435 623 1
132 2 11.5055
989 94 1
72 2 14.6353
7 94 1
132 2 12.2415
94 742 1
132 4 12.7523
181 1214 1
158 2 11.1235
592 699 1
24 1 10.3518
264 60 1
24 2 11.4347
494 293 1
24 5 15.7989
322 386 1
24 3 16.8753
440 592 1
24 7 18.9651
219 98 1
15 1 9.84098
590 679 1
39 2 10.4923
338 320 1
7 3 10.3919
190 1079 1
73 1 10.3518
76 206 1
73 1 10.3518
76 160 1
73 1 10.3518
379 108 2
80 5 11.6561
119 4 10.9053
365 2 7
83 4 13.2868
153 4 13.2868
151 2 10.0503
11 3 11.9988
139 2 10.0503
132 3 11.9988
47 3 11.9988
984 337 1
22 4 11.028
39 73 1
95 2 11.5055
1215 983 1
4 2 13.7611
802 918 2
131 5 16.3629
110 2 11.5799
753 391 1
76 2 14.1349
1003 513 1
100 2 11.4347
1068 718 1
79 1 10.3518
194 1034 1
84 1 10.3518
133 35 1
37 2 11.9215
502 1216 2
30 2 14.6353
45 2 14.6353
1217 1218 1
111 2 8.76081
7 518 1
124 2 11.1808
670 1152 1
143 2 10.4205
188 544 1
75 4 12.3323
28 339 1
66 1 10.3518
273 384 1
161 3 13.2801
108 422 2
36 5 15.2251
68 2 10.7747
2 413 1
47 1 10.3518
336 414 3
69 4 13.8712
41 3 12.5265
23 2 10.4923
1219 717 1
110 1 10.3518
515 187 1
40 6 14.4458
489 464 1
16 3 14.9245
867 1220 1
46 1 10.3518
524 899 1
67 2 11.3023
995 41 1
78 2 10.1638
183 469 1
16 3 10.6785
236 612 1
27 5 13.8471
9 35 9
89 5 13.0209
138 8 14.5203
120 11 15.3223
50 3 11.0014
129 11 15.3223
94 3 11.0014
12 5 13.0209
54 3 11.0014
99 6 13.6473
188 402 1
92 2 10.255
187 241 1
4 7 15.2919
264 1051 1
20 2 11.3023
456 768 1
110 2 12.6497
208 372 1
74 2 9.64601
12 99 1
95 12 10.7749
211 38 1
38 2 12.3655
891 1221 1
107 1 10.3518
1222 371 1
103 2 13.0013
66 679 1
140 2 13.0013
337 631 1
140 2 13.0013
33 934 1
140 2 13.2142
297 228 1
140 2 13.7611
995 89 1
146 1 10.3518
394 1160 1
81 3 10.5583
211 480 1
94 2 10.1346
195 100 1
134 2 15.395
227 57 1
64 2 10.1638
1110 152 1
74 3 10.1565
2 295 1
151 2 9.91961
509 1223 1
69 3 10.7418
744 540 1
22 2 11.6582
75 509 1
10 2 10.106
30 264 1
105 2 11.4347
79 125 1
63 2 12.6497
326 783 1
156 2 9.73175
751 263 2
26 3 15.522
152 4 17.1882
833 53 1
137 2 12.5008
337 977 1
122 2 14.6353
636 335 1
157 2 14.6353
371 246 2
86 4 15.8917
43 2 12.0207
1082 309 1
52 2 12.5008
1224 686 1
95 3 13.825
320 2 1
153 2 11.8285
351 667 1
23 1 10.3518
49 564 1
136 3 10.7579
421 85 1
12 4 12.9249
1225 777 1
97 1 10.3518
324 107 1
122 2 10.8198
947 926 1
84 1 9.50449
359 858 1
111 1 9.50449
97 191 16
87 4 13.8712
57 3 12.5265
74 2 10.4923
158 7 16.0921
29 9 16.8936
124 9 16.8936
15 7 16.0921
7 4 13.8712
30 13 17.851
46 11 17.4465
35 8 16.5333
45 18 18.5065
75 2 10.4923
10 3 12.5265
61 2 10.4923
70 4 13.8712
423 349 1
59 2 11.5055
480 784 1
99 5 15.1032
1226 371 1
73 1 9.84098
1227 495 1
146 1 9.84098
518 1228 1
83 2 11.2403
924 80 1
83 2 12.0207
995 954 1
83 2 13.2142
894 564 1
113 4 15.8917
995 750 1
83 2 13.7611
378 440 2
128 3 11.9348
136 2 9.99665
418 53 1
0 2 10.9639
687 1229 1
136 1 9.84098
1230 660 1
23 1 10.3518
171 797 1
35 6 11.6154
83 322 2
24 6 19.2551
58 4 17.1882
875 447 2
131 3 13.4195
52 4 14.8601
504 639 1
31 1 10.3518
997 817 1
69 2 11.4347
56 189 1
152 1 9.84098
859 771 2
82 3 16.0727
14 3 16.0727
119 598 1
102 15 10.6305
430 1231 1
145 1 10.3518
825 411 1
79 2 12.3655
993 823 1
71 2 12.0207
187 1203 1
44 3 11.0014
266 138 1
45 3 12.7113
73 297 1
25 3 12.9175
393 206 1
4 3 14.3512
1059 829 1
77 1 10.3518
104 61 1
105 6 10.5315
19 1232 1
79 1 10.3518
1233 100 1
33 2 9.99665
125 65 5
63 5 10.4208
93 8 11.6207
134 7 11.3106
81 5 10.4208
144 9 11.8739
1234 399 1
84 1 10.3518
777 193 1
33 2 9.91961
114 858 1
102 3 15.7761
390 291 1
80 2 12.8151
16 1052 1
32 4 9.86149
430 1235 1
158 4 12.1823
1074 321 1
141 2 12.6497
6 81 1
88 2 10.4205
218 285 4
142 4 13.049
140 5 13.9473
141 5 13.9473
146 5 13.9473
266 53 1
48 1 9.50449
637 192 1
48 1 9.84098
365 34 1
100 6 10.7714
362 550 1
63 1 10.3518
420 139 1
109 2 11.4347
179 1236 1
48 2 11.8285
125 1097 1
48 2 13.4626
151 182 1
109 2 13.4626
430 955 1
145 1 9.84098
97 758 1
15 1 9.84098
87 264 1
6 2 11.9215
823 1237 1
15 1 9.84098
522 98 1
15 1 10.3518
1238 297 1
15 1 10.3518
1239 693 1
15 1 10.3518
41 1240 1
91 2 9.62532
191 206 1
91 1 10.3518
104 403 1
69 3 14.0172
382 232 1
132 2 11.5055
378 284 1
21 20 12.7895
359 1061 9
76 6 16.3925
73 7 16.9757
82 19 19.6213
103 11 18.4045
19 7 16.9757
100 7 16.9757
148 8 17.4411
14 12 18.6332
43 11 18.4045
264 181 1
132 2 11.8285
1017 144 1
141 2 12.2415
65 125 1
144 2 12.127
1214 1134 1
103 2 12.8151
66 440 1
12 5 12.0767
1241 271 1
60 2 11.9215
408 116 1
28 2 13.7611
85 374 2
64 2 11.0684
136 3 13.2143
1242 353 1
94 4 12.0048
549 176 2
109 5 14.4907
53 7 15.7281
1096 80 1
22 2 12.6497
1243 398 1
44 2 14.6353
685 312 1
25 1 10.3518
1244 465 1
86 3 17.4728
582 144 1
156 2 10.9639
1218 1008 1
111 1 10.3518
57 594 1
20 1 10.3518
393 667 1
41 7 17.2393
540 500 1
100 2 12.127
236 351 1
92 1 10.3518
327 35 3
78 2 10.456
54 2 10.456
150 2 10.456
1062 105 1
37 8 10.8516
85 324 1
85 1 9.50449
81 505 1
115 1 10.3518
315 228 1
130 2 12.127
641 149 1
161 2 11.7409
912 71 1
115 1 10.3518
670 1159 1
115 1 10.3518
649 188 1
161 3 17.4728
263 953 1
152 2 11.1235
117 729 1
154 1 10.3518
493 489 1
83 2 11.3023
149 250 1
138 3 12.3196
585 306 1
105 1 9.50449
985 56 1
16 2 13.2142
899 124 1
78 1 10.3518
1109 606 1
105 1 9.50449
448 775 1
84 1 10.3518
946 236 1
105 2 9.54532
218 877 1
105 2 12.6497
399 737 2
133 4 12.8367
54 2 9.70985
417 1245 1
56 2 13.0013
678 486 1
56 3 14.6148
154 1246 1
11 1 10.3518
591 412 1
97 2 11.6582
470 448 1
123 5 17.473
297 69 2
106 3 14.1217
95 2 11.8285
145 524 1
67 2 11.7409
368 696 1
131 2 11.8285
76 176 10
76 8 15.2328
73 7 14.8263
82 19 17.1369
103 11 16.0742
86 9 15.5647
19 7 14.8263
100 7 14.8263
148 8 15.2328
14 12 16.2739
43 11 16.0742
297 368 1
142 2 11.0684
12 486 1
0 3 10.1335
297 13 1
106 3 13.4936
44 405 1
33 1 9.25316
734 1247 1
33 1 9.50449
947 479 1
15 1 9.50449
1115 371 1
148 7 15.8264
929 181 1
11 2 12.2415
1099 459 1
156 2 10.224
923 703 1
139 1 9.84098
57 1084 1
64 1 9.84098
923 622 1
137 2 12.6497
995 1248 1
64 1 10.3518
144 339 1
42 2 15.395
721 667 1
69 2 11.9215
1024 730 1
65 4 17.7981
104 188 1
132 10 14.5523
100 125 10
63 8 12.4487
116 13 13.4408
137 9 12.7199
27 22 14.1806
48 4 10.4442
155 8 12.4487
114 8 12.4487
13 5 11.1632
55 5 11.1632
156 10 12.9456
293 986 1
5 3 12.5265
731 132 5
96 4 16.1836
108 2 12.2415
157 3 14.6148
68 13 20.8269
2 12 20.6079
285 698 1
146 3 11.6993
493 470 1
17 9 14.6206
1249 274 1
124 3 11.9036
661 1073 2
94 1 9.84098
133 2 14.6353
1250 347 1
74 1 10.3518
362 908 1
134 3 11.2191
363 785 1
98 17 11.2178
66 35 1
113 2 11.0153
725 386 3
87 2 9.91961
74 2 9.91961
105 5 14.0168
1251 699 1
84 1 9.84098
447 514 1
104 2 15.395
371 176 2
148 17 12.4192
43 6 10.4865
1064 193 2
78 2 9.99665
99 3 11.9348
1003 218 2
103 4 14.0226
86 5 14.9879
913 622 1
52 2 12.127
285 426 1
137 5 13.2538
53 228 1
147 2 11.7409
614 1252 1
88 1 10.3518
354 365 1
4 6 13.694
725 1160 1
87 2 11.1235
614 1253 1
88 1 10.3518
411 760 1
88 2 10.3859
57 72 1
88 2 11.1235
1254 83 2
24 6 19.2551
58 4 17.1882
145 134 1
117 4 12.698
1236 1255 1
48 3 10.3142
240 149 1
146 2 10.9639
1256 86 1
147 3 11.4671
509 238 2
69 4 12.9249
23 5 13.8147
1257 469 1
144 3 13.3485
399 133 1
37 2 12.5008
497 358 1
19 1 10.3518
529 48 1
92 2 10.0232
86 436 1
149 1 10.3518
336 7 1
49 3 13.7362
190 125 1
144 2 11.0153
659 176 1
112 4 13.7305
182 987 6
109 18 16.5749
80 15 16.2643
79 3 11.2191
53 19 16.6586
56 9 15.1303
119 11 15.6255
201 726 1
67 3 12.9731
502 1258 1
61 8 11.4538
146 869 1
41 4 15.4126
447 748 1
2 5 15.2251
158 2 1
145 1 9.84098
76 1259 1
82 2 13.7611
324 766 1
115 1 9.50449
870 1260 1
37 1 10.3518
444 1261 1
154 3 11.0581
357 879 1
81 1 10.3518
21 829 1
153 6 18.9794
474 984 1
97 1 10.3518
117 372 1
40 2 13.7611
679 107 1
98 3 12.6165
208 423 1
35 1 9.84098
148 100 2
27 4 13.6858
156 2 10.3521
105 692 1
33 1 10.3518
227 353 3
149 9 11.0721
33 5 9.71705
1 7 10.5468
89 151 1
14 3 13.7362
188 489 1
150 3 11.4193
623 60 1
67 6 14.0519
109 190 1
53 2 11.9215
117 884 1
54 1 9.05246
1195 1262 1
96 1 10.3518
313 328 1
159 1 10.3518
983 666 1
34 2 14.1349
358 1263 1
148 2 13.7611
999 725 1
141 3 11.9988
65 69 1
117 3 13.3485
150 353 1
150 2 10.4923
42 122 2
36 3 15.522
2 2 13.0013
138 368 1
130 2 12.8151
1028 1172 1
78 2 11.6582
53 65 2
137 8 11.4944
0 5 10.3075
1264 33 1
23 1 10.3518
1172 38 1
139 1 9.50449
690 243 1
99 4 14.0226
1265 675 1
139 1 10.3518
123 2 3
38 3 13.4195
139 2 11.2403
58 2 11.2403
937 1266 1
149 2 11.5055
180 337 7
83 4 13.3604
153 6 14.9671
151 2 10.106
122 14 17.3518
52 5 14.2802
139 3 12.0653
47 2 10.106
94 211 1
131 3 12.7607
1202 1240 1
54 2 12.8151
11 1267 1
159 1 9.84098
390 1268 1
159 1 10.3518
1268 435 1
159 1 10.3518
132 49 1
96 3 18.3798
1269 376 1
35 1 10.3518
522 564 1
64 2 10.224
1052 846 1
61 2 9.70985
249 203 1
54 1 9.05246
1270 263 1
146 1 10.3518
619 154 1
57 1 6.87473
71 228 1
54 1 9.25316
978 556 1
54 1 9.25316
105 567 1
54 1 9.84098
1112 15 1
54 2 14.6353
184 1271 1
85 1 10.3518
437 284 1
74 1 9.84098
332 1272 1
38 2 15.395
487 1273 1
63 2 10.6884
262 227 1
63 2 11.7409
636 433 1
75 2 11.367
2 1190 1
139 1 9.50449
170 439 1
49 2 13.7611
499 290 1
111 1 9.25316
74 152 1
24 3 12.4409
292 250 1
53 2 12.6497
919 85 2
91 3 13.3485
31 2 11.1808
1274 2 1
46 1 9.84098
65 49 1
155 3 11.7554
818 1172 1
139 2 9.58479
51 976 1
84 1 9.84098
919 314 1
130 3 12.0653
232 232 1
118 2 10.255
284 335 1
49 2 14.6353
269 106 1
33 2 12.6497
20 35 9
91 5 10.7864
89 9 12.2906
149 6 11.3053
44 5 10.7864
31 6 11.3053
94 4 10.0917
85 3 9.11344
92 4 10.0917
150 5 10.7864
378 630 1
29 3 11.2617
814 619 1
57 4 6.94314
81 890 1
72 1 10.3518
179 240 1
122 3 13.1509
184 149 1
60 1 10.3518
828 630 1
23 1 10.3518
700 176 2
21 12 13.7395
127 9 13.1408
42 771 1
117 1 10.3518
558 1073 1
54 2 11.9215
717 339 1
42 2 14.1349
99 188 1
67 4 11.6916
179 363 1
98 16 14.2392
682 363 1
44 4 15.8917
808 371 2
82 3 15.1022
103 2 12.6497
995 270 1
136 2 10.8198
86 171 1
147 2 10.5295
913 829 1
134 2 13.4626
1174 1275 3
91 3 10.5294
12 3 10.5294
70 5 12.4624
430 378 1
88 2 12.2415
918 502 1
48 2 10.1346
681 339 1
141 2 13.2142
1117 440 1
120 2 9.3623
400 1047 1
146 1 10.3518
279 630 2
30 4 13.4763
45 4 13.4763
1240 43 1
46 2 10.9143
1190 614 1
45 2 10.6068
2 793 1
154 2 13.0013
1209 107 1
115 3 10.8929
343 544 1
126 2 10.4923
227 250 1
128 6 11.4636
839 690 1
138 1 10.3518
424 649 9
39 4 11.8248
93 4 11.8248
161 4 11.8248
155 5 12.6388
81 4 11.8248
65 12 15.0574
97 5 12.6388
152 4 11.8248
121 5 12.6388
181 1276 1
119 2 12.0207
1030 98 1
30 1 10.3518
435 1277 1
55 1 9.84098
444 421 1
55 1 9.84098
60 1278 1
7 2 10.8663
1184 1279 1
30 1 10.3518
750 737 1
136 1 10.3518
125 124 1
156 1 9.84098
423 13 1
42 3 16.4291
982 282 1
59 1 9.50449
802 1049 1
4 6 12.3032
872 153 2
73 2 13.2142
19 3 15.7761
9 961 1
85 2 13.2142
113 191 1
28 3 12.3995
1280 690 1
131 2 11.7409
637 1202 1
111 1 9.50449
414 321 1
104 2 12.6497
500 435 1
149 2 12.8151
1073 399 2
133 4 13.049
54 2 9.87038
56 181 1
0 1 10.3518
57 350 1
1 3 11.5412
150 492 1
93 2 11.7409
188 99 1
67 3 11.0201
1217 1062 1
37 1 10.3518
87 293 1
9 2 9.91961
592 187 1
24 4 17.1882
823 305 1
128 2 10.5677
1024 183 1
156 4 10.0281
516 236 1
61 1 9.50449
478 15 1
138 3 12.6165
264 65 1
61 9 9.70641
539 1281 1
61 1 10.3518
470 250 1
5 1 10.3518
502 293 1
61 2 10.9639
591 349 1
61 3 11.3053
829 1282 1
20 1 10.3518
509 1076 1
61 6 19.9383
469 162 1
36 2 13.7611
847 125 1
16 2 12.127
953 657 1
46 1 10.3518
173 166 1
160 8 16.8424
125 214 1
116 2 12.8151
1283 11 1
85 1 9.50449
1284 1285 1
30 1 10.3518
987 1286 1
29 1 10.3518
977 828 1
159 1 9.84098
162 159 2
160 2 10.2867
51 5 14.5355
2 583 1
62 4 16.7233
228 314 1
130 2 14.6353
1070 415 1
106 2 14.6353
896 263 1
152 2 10.4205
169 85 1
91 2 12.8151
687 781 1
128 2 8.95744
2 479 3
118 13 14.6624
84 14 14.7972
145 10 14.1221
696 402 1
131 5 14.1633
34 1287 1
97 1 10.3518
1263 465 1
148 2 13.4626
496 196 1
77 1 9.84098
1288 353 1
77 1 9.84098
612 100 1
27 3 14.2328
478 1289 1
77 1 9.84098
1247 304 1
77 1 9.84098
