1 2 2
93 4 13.3983
4 4 13.3983
3 4 1
10 2 13.7611
5 6 1
145 2 11.5799
7 8 1
85 2 10.106
9 10 1
53 2 13.4626
11 12 1
85 2 10.224
13 14 1
157 1 8.31474
15 16 2
183 3 14.4781
59 3 14.4781
17 18 1
106 2 11.0153
19 20 1
29 4 13.3983
21 22 1
85 1 10.3518
23 24 1
57 2 13.4626
25 26 1
85 1 10.3518
27 28 1
56 1 9.50449
29 30 1
85 1 10.3518
31 32 1
85 1 10.3518
33 34 1
56 2 9.91961
35 36 1
26 1 9.84098
37 38 1
68 1 10.3518
39 40 1
56 3 13.4936
27 41 1
56 2 14.6353
42 18 1
79 2 13.7611
43 44 1
79 2 13.7611
45 46 1
95 2 11.1235
47 48 1
79 2 14.6353
49 50 1
20 2 11.3023
51 52 1
152 1 8.88539
53 54 2
142 4 18.1926
79 5 19.445
55 56 2
174 4 16.3476
12 7 18.9651
57 58 1
106 1 10.3518
59 60 4
50 4 11.2213
71 3 10.1335
66 3 10.1335
161 3 10.1335
61 62 1
167 2 12.6497
63 64 1
157 1 8.50583
34 65 1
130 5 11.8751
66 67 1
13 2 9.87038
68 69 1
111 2 11.3023
70 71 1
52 1 9.84098
72 73 1
167 5 11.0129
74 75 1
52 1 9.84098
76 77 1
52 1 10.3518
36 78 1
52 1 10.3518
79 80 1
52 1 10.3518
81 82 1
52 1 10.3518
83 84 1
52 1 10.3518
85 68 1
111 1 10.3518
17 86 1
80 2 13.4626
87 65 1
41 1 10.3518
88 89 1
39 5 11.2665
90 91 1
95 1 10.3518
92 93 1
106 2 11.4347
24 2 1
149 2 12.0207
94 15 1
32 4 12.4002
95 96 1
33 3 18.3798
97 98 1
136 1 10.3518
99 100 1
111 3 12.6633
101 49 1
44 1 10.3518
102 103 1
78 5 12.021
104 105 1
133 1 10.3518
106 17 1
133 1 10.3518
107 108 1
133 1 10.3518
109 110 1
144 2 15.395
111 112 1
133 1 10.3518
108 113 1
133 1 10.3518
114 115 1
133 1 10.3518
116 117 3
133 2 12.2415
166 2 12.2415
182 2 12.2415
118 119 2
133 3 14.0172
65 2 11.7409
120 121 1
91 1 10.3518
122 123 6
11 5 11.1632
109 3 9.43179
46 11 13.1363
5 6 11.7002
122 5 11.1632
174 7 12.1165
124 118 1
37 2 10.5677
125 126 1
107 2 14.6353
127 128 1
164 1 10.3518
129 130 1
82 3 10.3787
27 131 1
86 3 11.4431
132 76 1
40 1 9.84098
133 134 1
153 1 9.84098
135 136 4
143 5 12.1051
94 5 12.1051
37 14 14.7088
150 6 12.6874
137 138 1
142 2 13.2142
139 140 1
163 2 13.2142
141 142 1
163 2 13.7611
139 143 1
163 2 14.1349
144 145 1
127 2 10.6471
146 147 1
163 2 15.395
51 148 1
8 3 11.9665
143 149 1
163 3 18.3798
150 151 1
36 3 13.825
152 153 1
145 2 10.5677
154 155 1
81 1 9.84098
156 157 1
127 2 11.4347
158 159 1
81 1 9.84098
160 161 1
123 1 10.3518
126 162 1
123 1 10.3518
163 164 1
123 2 10.6068
165 166 1
44 8 11.4337
167 60 1
81 2 12.0207
161 126 1
123 6 20.3804
168 169 1
130 1 9.50449
170 171 1
134 3 10.3656
172 173 1
18 2 14.6353
174 175 1
92 1 10.3518
176 177 1
44 2 11.5055
178 179 1
118 2 13.2142
180 181 1
118 2 14.6353
182 115 1
118 3 14.9245
183 184 1
118 6 19.2551
185 186 23
74 8 12.1246
69 7 11.801
50 7 11.801
70 5 10.8726
181 8 12.1246
81 4 10.1723
8 8 12.1246
108 10 12.6085
147 8 12.1246
131 9 12.3887
180 21 13.7593
25 9 12.3887
176 10 12.6085
49 8 12.1246
12 15 13.3173
71 6 11.3955
16 5 10.8726
66 6 11.3955
105 4 10.1723
161 7 11.801
41 7 11.801
179 5 10.8726
48 6 11.3955
145 15 1
81 3 10.5152
187 188 1
67 1 10.3518
189 131 1
4 2 11.367
190 191 1
95 1 9.50449
192 193 1
111 2 10.319
54 194 1
100 1 9.84098
195 196 1
17 1 9.84098
122 197 1
73 3 11.3501
190 198 1
151 4 10.9713
199 200 1
11 2 11.4347
201 81 1
136 1 10.3518
84 202 1
43 2 11.0684
203 93 1
64 1 9.84098
23 204 1
116 2 13.0013
205 206 1
64 1 10.3518
207 208 1
64 1 10.3518
209 210 1
64 1 10.3518
59 211 1
0 2 13.2142
212 213 1
64 1 10.3518
214 215 1
64 1 10.3518
216 217 1
64 1 10.3518
218 219 1
64 1 10.3518
220 221 1
64 1 10.3518
219 166 1
64 9 12.3979
215 118 1
143 2 10.7309
222 94 1
163 3 15.1022
3 223 1
94 2 11.7409
183 224 5
65 4 14.2445
145 2 10.7747
57 4 14.2445
118 4 14.2445
182 5 15.2251
171 148 1
3 3 15.1022
225 226 1
143 3 16.0727
145 227 1
98 5 12.1051
228 229 1
4 2 11.367
66 230 1
127 2 10.9143
189 231 1
52 1 10.3518
232 233 1
114 2 9.26237
42 197 1
181 2 12.127
234 235 1
61 2 11.1808
236 2 1
17 2 11.4347
237 238 1
46 5 13.4336
126 131 1
79 3 15.522
28 239 3
1 8 12.02
114 7 11.6992
39 7 11.6992
240 81 1
173 2 13.2142
150 241 1
9 1 10.3518
242 243 1
162 2 10.6068
112 244 1
89 1 9.84098
245 40 1
140 2 12.2415
67 246 1
164 3 10.8074
247 248 1
112 2 11.7409
132 67 1
90 2 10.456
249 100 1
160 4 10.7898
65 250 2
159 7 17.7602
179 3 13.825
251 40 1
156 2 15.395
252 253 1
84 1 9.84098
254 39 1
69 2 13.7611
255 256 1
8 3 12.281
257 258 1
62 1 9.25316
259 260 1
62 1 9.50449
261 258 1
62 1 9.50449
262 263 1
146 6 11.5427
264 265 1
62 1 9.84098
266 267 1
62 1 9.84098
8 268 1
62 1 9.84098
269 270 1
62 1 10.3518
271 272 1
10 4 14.7057
273 274 1
62 1 10.3518
275 260 1
62 2 10.6884
276 277 1
178 1 10.3518
278 279 1
30 6 9.61499
280 281 2
75 2 13.0013
19 2 13.0013
282 271 1
10 2 10.9639
283 284 1
47 2 13.4626
285 286 1
22 3 12.8637
287 278 1
30 6 10.0797
288 289 1
160 1 10.3518
290 166 1
95 2 9.10939
82 291 1
40 2 11.6582
292 39 1
121 1 8.88539
60 293 1
46 2 12.8151
61 294 1
184 5 15.1633
295 296 1
170 1 10.3518
297 298 1
170 2 15.395
299 300 4
82 8 13.499
115 5 12.1051
80 10 14.0378
175 9 13.7931
192 301 1
115 3 10.7743
250 166 2
159 7 17.148
179 3 13.3485
302 303 1
113 2 11.3023
304 305 3
142 4 15.7606
79 4 15.7606
136 2 11.9215
306 307 1
36 5 17.8746
308 129 1
100 1 8.74227
309 60 1
50 2 12.0207
310 56 2
35 2 14.6353
156 2 14.6353
50 299 4
56 5 10.7037
112 15 13.1104
130 4 10.0143
184 32 13.9432
254 311 4
46 2 12.6497
47 2 12.6497
66 2 12.6497
161 4 16.7233
312 313 1
43 1 10.3518
314 60 1
183 1 10.3518
315 316 1
113 2 10.5295
37 48 1
183 2 11.367
317 115 1
45 1 10.3518
92 318 1
44 1 10.3518
48 319 1
183 2 11.5055
320 321 1
153 2 10.9143
20 322 1
29 4 16.0323
323 122 3
50 3 11.039
174 4 12.224
127 3 11.039
216 166 4
27 16 12.7449
31 21 13.0754
18 10 11.9818
53 23 13.1704
37 60 1
183 2 13.7611
40 324 1
177 4 11.0052
186 325 1
48 1 10.3518
122 16 3
59 3 11.9665
102 5 14.1633
180 4 13.2511
326 327 1
137 1 10.3518
18 27 11
164 29 10.6429
7 10 9.52956
171 22 10.4387
110 22 10.4387
153 12 9.79008
158 13 9.89412
114 9 9.36345
39 9 9.36345
84 16 10.1365
60 27 10.5946
63 20 10.3563
60 187 1
11 14 10.3867
313 296 2
43 5 9.93717
90 8 11.0814
328 329 1
106 1 10.3518
330 331 1
33 2 13.4626
106 163 1
182 2 11.5799
332 44 1
106 1 10.3518
187 333 2
144 5 13.8471
105 3 11.6993
206 187 1
81 2 13.2142
334 335 1
106 2 14.6353
27 336 1
117 1 9.25316
337 338 1
121 1 10.3518
67 226 2
94 4 15.117
150 3 13.6516
27 89 1
56 1 9.84098
339 323 1
152 1 9.84098
340 341 1
150 4 12.8951
87 342 1
4 3 11.1368
343 344 1
52 3 14.6148
97 345 1
88 2 14.1349
346 242 1
25 2 14.1349
347 348 1
47 8 21.6842
349 126 1
116 3 13.825
350 236 1
127 2 13.0013
351 156 1
127 2 14.1349
352 92 1
89 1 9.84098
347 353 1
165 1 9.05246
354 355 1
165 1 9.50449
354 356 1
165 1 9.50449
357 166 7
128 5 10.8252
146 31 14.076
2 5 10.8252
83 6 11.3459
139 5 10.8252
34 31 14.076
163 12 12.8967
358 316 1
165 1 10.3518
359 360 1
165 1 10.3518
361 362 1
165 2 13.4626
363 364 2
112 4 11.8076
170 7 13.6982
183 150 1
149 2 10.6884
365 316 1
52 2 12.5008
366 367 1
151 5 11.2378
368 151 1
148 2 14.1349
369 202 1
43 2 12.2415
370 371 1
180 2 12.0207
17 11 1
100 1 7.15924
372 373 1
0 2 10.6068
370 374 1
95 1 9.50449
163 236 1
102 2 11.7409
375 235 1
83 2 12.6497
376 377 1
109 1 9.84098
27 378 1
125 1 10.3518
379 199 1
118 2 13.0013
72 380 1
144 2 13.2142
381 382 1
152 1 8.74227
383 163 1
123 2 14.6353
384 385 1
23 1 9.84098
2 386 2
2 2 10.5295
139 2 10.5295
387 388 2
2 3 17.4728
139 3 17.4728
389 390 3
35 9 17.4958
31 9 17.4958
155 5 15.3546
391 392 1
29 1 10.3518
319 42 1
32 7 11.5006
393 394 1
84 3 10.3142
346 395 1
25 3 14.1217
96 396 1
33 2 10.255
135 258 1
134 2 10.9639
397 398 1
33 1 10.3518
399 400 1
137 2 15.395
401 110 1
149 1 10.3518
265 402 1
149 2 11.5799
265 403 1
149 2 12.8151
404 405 1
30 2 11.8285
23 198 1
84 3 10.1799
406 407 1
72 3 13.4195
408 409 1
72 3 14.3512
204 410 12
96 6 16.1643
14 7 16.7394
116 10 17.8848
142 15 18.8902
79 19 19.3481
75 11 18.1483
136 7 16.7394
88 12 18.3738
58 8 17.1984
19 11 18.1483
129 12 18.3738
97 11 18.1483
411 412 1
8 3 13.9185
413 182 1
77 1 9.84098
122 311 5
47 3 12.0318
99 3 12.0318
49 3 12.0318
13 2 10.0779
6 14 17.3035
80 414 1
108 2 11.5799
415 416 1
124 1 10.3518
375 417 2
131 4 15.309
6 6 17.15
418 163 2
134 2 10.7747
154 3 12.8637
419 420 1
165 3 14.6148
421 422 1
155 2 14.1349
11 423 1
119 5 20.6803
424 425 1
167 2 11.367
236 15 1
183 2 10.9143
426 427 1
71 2 11.7409
428 429 1
156 7 14.4397
430 252 1
14 1 10.3518
431 432 1
45 2 12.8151
34 433 1
184 3 12.4409
48 236 1
59 2 11.4347
421 434 1
59 4 13.0813
435 436 1
72 1 10.3518
437 389 1
35 2 14.6353
187 438 3
74 2 12.3655
25 2 12.3655
176 2 12.3655
439 440 1
105 4 12.2666
441 278 1
23 1 9.50449
118 442 1
28 2 13.2142
23 443 1
146 2 11.8285
172 444 1
77 7 9.8838
445 166 1
107 3 14.9245
246 446 1
71 2 12.0207
447 448 1
86 3 15.1022
265 449 1
83 3 11.9036
450 451 1
137 1 10.3518
401 452 1
149 2 13.7611
426 453 1
98 2 12.5008
84 153 1
93 2 12.2415
454 161 1
123 2 13.2142
421 455 1
21 4 11.9861
122 456 1
109 1 10.3518
348 452 4
128 2 11.0153
2 2 11.0153
139 2 11.0153
34 3 13.1509
457 458 1
4 3 12.0318
459 460 1
124 1 10.3518
85 461 1
174 2 10.3859
40 386 1
4 3 12.0653
263 462 1
106 3 14.9245
463 45 1
103 2 10.319
144 41 1
167 1 10.3518
26 464 1
63 1 9.84098
465 466 1
167 1 10.3518
233 125 1
114 1 9.50449
94 315 1
138 8 13.2
331 467 1
167 2 10.3859
468 469 1
167 2 10.5677
455 94 2
21 2 11.5799
167 2 11.5799
62 164 1
167 2 13.7611
372 470 1
7 1 9.50449
471 472 1
115 1 10.3518
27 473 2
86 3 13.2801
60 4 14.7057
206 474 1
4 3 16.8753
475 424 1
148 2 15.395
203 476 1
23 1 9.50449
477 478 1
136 2 13.2142
479 166 1
34 4 19.3484
480 166 1
34 4 20.3528
3 481 1
28 1 10.3518
357 482 1
34 19 21.4978
483 484 1
28 1 10.3518
485 486 1
28 2 13.2142
487 153 3
94 2 10.6884
10 2 10.6884
28 4 14.1305
207 488 1
54 1 9.84098
382 159 1
21 2 11.8285
489 216 1
27 2 13.7611
18 490 2
178 5 10.8487
102 9 12.3616
491 492 1
115 1 10.3518
493 166 2
169 12 10.7267
26 14 10.9403
109 494 1
105 1 10.3518
92 419 1
41 2 10.9639
495 496 1
118 2 12.6497
497 494 1
20 2 10.456
498 499 1
52 2 12.8151
348 122 17
11 7 11.1613
76 10 11.925
69 13 12.3812
46 9 11.7171
47 16 12.6845
81 7 11.1613
8 8 11.4673
140 6 10.7778
122 10 11.925
180 9 11.7171
127 9 11.7171
73 12 12.251
49 14 12.495
12 10 11.925
13 6 10.7778
6 18 12.8358
48 12 12.251
456 18 1
86 2 12.3655
500 437 1
22 2 13.0013
501 502 1
30 1 10.3518
337 213 1
52 2 10.1638
503 504 4
126 14 11.0311
134 14 11.0311
154 15 11.1197
162 7 9.85362
259 505 1
97 1 10.3518
127 170 1
166 2 11.3023
506 507 1
106 1 10.3518
473 2 1
30 3 12.0653
508 509 1
7 1 9.84098
510 511 1
59 3 11.5412
454 512 1
31 2 12.0207
198 513 1
137 5 9.78793
297 34 1
101 3 12.9731
432 514 1
101 3 9.89771
311 18 1
13 3 14.1217
388 414 2
2 3 17.4728
139 3 17.4728
301 515 1
115 1 10.3518
396 516 1
115 1 10.3518
159 517 1
115 1 10.3518
515 166 1
115 3 11.1981
518 519 1
115 2 11.367
153 520 2
171 3 9.64528
110 3 9.64528
94 521 1
115 2 12.3655
468 129 2
171 2 10.6884
110 2 10.6884
194 522 1
100 1 8.88539
523 148 2
171 2 14.6353
110 2 14.6353
13 498 1
157 1 8.40573
524 525 1
182 3 11.784
418 18 2
171 3 14.9245
110 3 14.9245
417 164 2
81 5 11.4471
6 7 12.4246
145 503 1
134 2 12.5008
526 527 1
149 1 10.3518
383 528 1
27 2 11.7409
117 529 3
118 8 12.7536
166 6 11.9868
124 4 10.7001
238 2 3
24 3 10.0117
91 3 10.0117
168 4 11.0864
490 265 1
71 2 11.5055
324 530 1
177 3 11.097
531 532 1
36 4 12.1015
155 533 1
174 2 10.7309
534 535 1
94 2 11.5055
536 166 1
107 5 15.4925
63 537 1
42 7 9.97282
396 538 2
146 2 12.5008
4 2 12.5008
72 72 1
41 3 10.6477
394 539 1
180 3 13.5708
540 165 1
44 8 14.199
513 252 1
137 2 9.64601
122 541 1
48 5 15.9707
542 543 1
117 1 9.50449
544 161 1
22 5 19.445
415 15 1
16 3 10.9828
545 546 1
49 2 13.2142
547 333 1
24 1 10.3518
72 378 1
7 2 9.84636
533 482 1
163 2 15.395
196 548 1
30 2 11.5055
85 549 2
132 6 15.0968
13 2 10.1936
550 551 1
177 3 12.281
149 552 1
163 3 17.4728
553 461 1
85 1 10.3518
554 16 1
178 2 10.2867
299 555 1
138 8 15.9697
5 556 2
76 2 9.91961
47 3 11.8428
122 206 2
8 2 10.9639
120 2 10.9639
274 421 1
101 2 10.7309
122 448 1
121 2 10.8198
530 557 1
177 1 10.3518
249 558 1
117 2 9.43284
454 28 1
114 4 10.7001
559 560 1
124 1 10.3518
116 277 1
45 3 13.3485
561 562 2
142 3 14.4781
136 3 14.4781
563 103 1
113 2 11.367
334 462 1
153 1 10.3518
2 172 1
128 1 9.05246
564 109 1
144 3 17.4728
565 566 1
130 1 9.05246
425 567 1
65 3 13.0304
246 288 1
164 6 15.4855
234 337 1
125 4 10.4272
386 568 1
36 2 13.2142
569 60 1
174 2 11.367
570 102 1
123 1 10.3518
265 34 1
38 3 12.8637
571 572 3
133 3 11.157
57 6 13.8403
141 5 13.2051
573 574 1
98 1 10.3518
274 509 3
98 9 11.0721
153 5 9.71705
87 7 10.5468
575 18 1
164 2 13.0013
471 227 1
147 2 12.127
576 249 1
160 4 10.233
315 162 2
138 9 13.6509
51 4 11.2086
577 578 1
46 2 12.8151
390 216 1
31 3 14.4781
42 122 1
32 5 11.6677
418 579 1
154 3 15.1022
537 45 1
42 7 10.7142
27 557 1
7 2 12.2415
580 163 1
56 2 13.4626
504 377 1
162 2 10.0779
581 582 1
42 1 9.50449
430 122 1
58 5 15.5651
417 182 1
5 2 12.0207
583 584 3
65 3 13.0304
83 2 10.9143
149 2 10.9143
256 202 1
43 2 13.2142
585 2 1
135 3 15.1022
512 438 1
35 2 15.395
153 383 2
35 2 14.6353
156 2 14.6353
419 566 1
72 2 11.0153
420 586 1
56 2 10.319
587 11 2
35 9 17.2093
148 5 15.1032
588 566 1
72 1 10.3518
309 576 1
160 4 10.3768
589 590 1
97 2 13.2142
591 592 1
35 2 14.6353
593 594 2
151 4 16.5265
80 4 16.5265
357 595 1
83 1 10.3518
442 596 1
156 3 14.2328
597 598 1
35 2 15.395
599 600 1
155 7 21.1055
571 409 1
34 9 19.9096
582 601 1
40 1 10.3518
602 603 1
85 1 10.3518
138 604 2
14 3 11.9988
116 4 13.2868
94 448 1
76 2 9.97052
145 605 1
33 1 10.3518
460 216 1
123 1 10.3518
606 607 1
137 2 12.0207
608 3 1
160 1 10.3518
162 609 1
48 1 10.3518
437 610 1
174 1 10.3518
187 348 3
99 2 12.0207
49 3 14.3512
6 8 18.9417
188 611 2
108 4 12.2666
99 4 12.2666
612 11 1
41 2 11.0153
613 59 2
43 2 11.1808
40 2 11.1808
217 567 1
125 4 16.7233
614 226 3
143 5 16.9857
94 3 14.3512
37 7 18.4362
493 72 1
120 2 12.8151
60 72 1
71 2 9.99665
144 60 1
71 2 13.2142
95 615 1
175 1 10.3518
144 48 1
71 2 14.1349
616 617 1
175 2 10.1346
618 619 1
107 2 14.6353
407 227 1
72 2 13.7611
620 419 1
148 2 13.4626
85 297 1
73 4 13.8712
239 88 1
39 4 11.4639
417 427 11
50 6 14.4458
70 5 13.7828
131 6 14.4458
67 3 11.6451
169 4 12.8951
49 7 14.9598
12 9 15.7048
71 3 11.6451
66 3 11.6451
161 5 13.7828
6 5 13.7828
347 452 1
50 2 12.2415
522 621 1
138 2 13.7611
40 438 1
4 3 12.2062
379 56 1
61 2 11.2403
164 60 4
50 2 12.5008
131 2 12.5008
49 2 12.5008
6 3 14.9245
187 127 1
50 2 12.8151
622 412 1
80 2 12.6497
613 623 1
96 2 12.5008
2 624 1
93 2 13.0013
625 294 2
1 5 12.5664
98 4 11.7571
525 626 1
152 2 10.8663
191 627 1
95 3 10.5152
628 385 1
80 2 13.0013
629 275 1
179 1 10.3518
630 166 1
124 1 10.3518
583 36 1
179 2 11.5799
239 631 2
1 7 12.4938
114 4 10.7695
12 624 1
36 6 11.8906
632 633 1
67 1 10.3518
634 635 1
42 8 11.4337
59 15 1
99 2 12.0207
333 4 1
10 2 11.5055
636 637 1
101 1 10.3518
186 396 1
108 2 13.7611
638 412 1
8 3 16.0727
639 16 1
179 1 10.3518
145 217 1
126 2 11.3023
51 640 1
30 1 10.3518
641 404 1
30 1 10.3518
642 643 1
30 1 10.3518
644 2 1
30 1 10.3518
211 645 1
30 1 10.3518
406 245 1
30 1 10.3518
646 647 1
86 2 13.7611
648 2 1
30 1 10.3518
122 348 9
8 5 13.6899
140 6 14.3484
122 4 12.8082
174 3 11.5666
180 7 14.859
73 4 12.8082
49 4 12.8082
12 6 14.3484
71 2 9.68826
415 649 1
169 1 10.3518
545 650 1
145 2 11.8285
2 40 1
145 2 14.1349
651 82 1
93 5 15.4925
347 541 2
49 3 15.7761
6 4 17.4696
454 226 2
37 2 10.5677
10 2 10.5677
154 229 6
76 3 14.0172
69 3 14.0172
132 3 14.0172
47 2 11.7409
122 2 11.7409
6 2 11.7409
652 653 1
14 1 10.3518
393 65 1
180 2 11.7409
359 654 1
1 2 12.0207
59 655 1
50 6 10.4423
656 166 1
135 7 14.5808
657 269 1
62 1 10.3518
441 15 1
169 2 10.456
658 385 1
23 1 9.84098
659 494 1
9 1 10.3518
161 512 1
35 2 14.6353
66 409 4
132 4 13.5164
99 7 15.6806
13 2 10.224
6 4 13.5164
122 660 5
50 3 11.5924
70 4 12.8367
140 3 11.5924
120 2 9.70985
26 2 9.70985
661 17 1
174 1 10.3518
386 512 1
35 2 15.395
122 154 8
11 3 11.6185
69 6 14.4128
132 7 14.9257
47 3 11.6185
122 3 11.6185
120 2 9.73175
73 6 14.4128
161 3 11.6185
411 87 1
4 4 12.8657
662 663 1
120 1 9.84098
84 664 1
130 1 9.25316
108 665 1
34 2 13.4626
509 67 1
164 4 11.7241
409 507 1
120 2 10.8663
2 621 1
177 2 14.1349
398 399 1
120 3 11.5666
666 667 1
162 2 10.6884
668 166 2
137 4 9.60953
77 5 10.2711
501 669 1
173 2 10.7309
2 163 1
163 2 12.6497
182 667 1
162 5 11.7266
255 670 1
43 2 9.87038
85 655 3
11 4 12.9552
127 3 11.6993
48 5 13.8471
198 171 1
151 2 11.367
671 420 1
87 1 9.50449
2 39 3
65 6 17.0398
36 2 11.5055
141 3 13.7362
216 672 1
18 6 17.3884
158 449 1
22 4 13.4369
167 375 1
160 4 11.6128
48 673 1
101 2 10.7747
619 166 1
107 3 16.4291
527 674 1
163 2 14.6353
518 431 1
151 3 16.8753
594 190 1
151 4 19.3484
675 123 1
153 2 9.99665
642 163 3
111 4 13.7305
31 6 15.3817
22 4 13.7305
676 677 1
59 3 12.0318
678 665 1
0 1 10.3518
679 369 2
69 2 12.127
131 2 12.127
680 343 1
100 1 9.50449
681 200 1
0 2 10.7309
682 166 1
73 4 10.8732
374 683 3
178 3 10.6174
102 4 11.7571
25 6 13.1709
576 684 1
148 3 16.0727
685 352 1
108 2 10.4923
686 687 1
125 2 12.2415
67 526 1
63 2 9.82272
184 56 1
118 9 13.2165
688 639 1
132 4 12.3773
54 689 1
124 1 10.3518
690 550 1
177 3 12.2432
399 72 1
57 3 12.0653
691 324 1
67 1 10.3518
692 452 1
132 2 13.7611
484 693 1
124 1 10.3518
694 166 1
124 1 10.3518
129 695 1
0 2 11.8285
696 697 1
124 1 10.3518
698 342 1
41 3 11.1168
373 699 1
0 1 10.3518
430 437 1
14 2 9.84636
50 700 1
20 14 15.5427
359 701 1
121 1 9.25316
702 703 1
175 1 10.3518
243 18 1
137 1 9.84098
704 705 1
28 1 10.3518
236 72 10
183 5 11.1
59 16 13.6921
178 5 11.1
102 8 12.3782
159 5 11.1
32 7 12.0479
15 14 13.4876
16 11 13.0619
41 6 11.634
179 7 12.0479
16 539 19
183 13 13.2292
59 26 14.1301
74 5 10.9875
181 25 14.0917
144 12 13.0901
121 5 10.9875
178 14 13.3508
108 14 13.3508
102 23 14.0057
180 10 12.7418
25 20 13.8472
159 18 13.715
32 22 13.9573
176 18 13.715
15 15 13.458
16 20 13.8472
105 4 10.2798
41 15 13.458
179 11 12.9294
65 37 13
183 4 13.5993
74 3 12.281
181 6 15.2347
144 7 15.7767
121 3 12.281
178 4 13.5993
102 5 14.5355
25 9 16.5625
176 6 15.2347
15 4 13.5993
16 3 12.281
105 2 10.2867
41 6 15.2347
198 220 3
151 4 13.8232
54 2 10.456
51 5 14.7748
439 494 1
43 4 9.79237
706 707 1
87 2 11.1235
708 495 1
150 2 11.8285
45 571 1
57 2 13.0013
384 709 2
54 3 11.0775
80 4 12.2666
576 468 1
54 2 11.1235
666 710 5
79 3 14.3512
75 3 14.3512
107 3 14.3512
88 3 14.3512
19 3 14.3512
390 449 2
54 2 11.367
29 5 16.0621
207 681 1
54 2 11.6582
162 642 4
111 4 11.3797
123 5 12.163
31 6 12.7481
22 4 11.3797
711 712 1
124 1 10.3518
460 611 1
81 1 9.84098
713 714 1
87 1 9.84098
683 583 1
51 2 10.8663
161 94 1
148 2 14.6353
107 217 3
38 8 12.3782
160 5 11.1
125 13 13.3648
158 197 1
20 2 10.5677
715 166 4
140 10 11.2902
120 5 9.73572
169 13 11.7221
26 11 11.4565
5 716 2
113 7 14.1328
78 4 12.1823
234 509 1
165 10 10.4067
294 3 1
148 3 16.8753
464 705 1
36 4 11.2086
717 571 1
141 1 10.3518
67 59 1
68 2 10.2867
718 719 1
44 1 10.3518
111 720 1
68 1 10.3518
493 721 1
68 1 10.3518
708 722 1
68 1 10.3518
275 723 1
68 1 10.3518
724 489 1
68 1 10.3518
324 431 1
82 1 10.3518
725 255 1
68 2 10.9639
726 419 1
140 2 10.7747
642 45 1
29 2 11.9215
97 727 1
142 2 15.395
728 622 1
80 4 16.5265
409 452 1
99 2 13.2142
147 419 1
112 2 11.7409
729 730 1
3 1 10.3518
731 248 1
112 2 12.5008
621 732 1
112 3 13.7362
733 326 1
92 4 12.8367
208 507 1
67 1 10.3518
154 734 1
67 1 10.3518
735 461 1
67 1 10.3518
81 311 1
67 2 11.3023
152 736 1
32 2 11.4347
737 464 1
182 2 13.0013
154 209 1
67 2 13.4626
373 448 1
72 1 10.3518
738 216 5
64 4 13.7763
156 8 16.4203
31 8 16.4203
53 5 14.7247
155 16 18.1632
216 454 1
155 5 15.0448
112 683 1
63 1 9.84098
427 518 1
151 2 11.3023
739 18 1
60 1 10.3518
394 740 1
86 2 10.7747
730 11 1
57 2 11.5799
681 741 1
57 2 12.2415
106 742 3
57 2 12.3655
149 2 12.3655
118 3 14.7629
743 2 1
57 2 14.1349
461 56 1
57 3 14.2328
744 745 1
57 2 15.395
746 556 1
154 2 11.2403
84 462 1
38 1 10.3518
482 571 1
34 24 15.5725
172 747 1
24 3 10.0441
7 554 1
160 3 11.039
514 421 1
59 3 12.0995
23 456 1
38 2 11.1235
539 236 10
183 2 10.4923
59 5 14.8261
144 4 13.8712
178 3 12.5265
25 3 12.5265
32 3 12.5265
15 8 16.5333
16 6 15.5392
41 3 12.5265
179 5 14.8261
296 355 1
56 1 9.84098
748 42 2
35 5 19.0233
156 5 19.0233
241 239 1
106 1 10.3518
749 571 1
141 1 10.3518
750 571 1
141 1 10.3518
718 751 1
126 2 11.4347
440 274 1
87 2 9.79946
752 676 1
135 2 13.0013
753 754 1
62 3 10.3397
755 756 1
102 6 16.8347
108 757 4
20 11 14.7052
56 5 12.4965
112 12 14.8879
184 15 15.3064
758 162 1
60 2 10.6068
759 760 1
62 2 10.319
518 45 10
82 19 11.9883
115 17 11.8615
151 11 11.2449
3 18 11.9281
54 20 12.0431
80 23 12.1809
23 11 11.2449
175 17 11.8615
51 11 11.2449
29 16 11.7874
124 31 1
28 5 10.8806
487 172 1
143 2 11.4347
48 363 1
20 1 10.3518
761 541 1
67 1 10.3518
152 45 1
53 2 12.127
154 762 1
109 2 13.4626
661 763 1
109 2 10.9639
683 612 1
15 1 10.3518
8 764 1
152 1 9.50449
765 2 3
145 2 10.9143
93 7 16.7394
166 5 15.4224
766 333 1
86 2 10.9143
11 767 1
119 2 13.7611
768 509 1
78 2 11.8285
769 11 1
137 1 10.3518
356 468 1
175 1 10.3518
770 771 1
152 1 9.25316
772 438 1
152 1 9.50449
773 774 1
152 1 9.50449
301 775 1
152 1 10.3518
776 544 1
27 2 13.4626
777 172 1
58 2 13.7611
778 131 1
119 2 13.4626
198 616 1
84 2 10.2867
503 11 1
119 6 13.0618
779 50 1
184 2 12.2415
780 122 3
109 2 9.39715
121 2 9.39715
159 3 11.2191
145 781 1
96 2 11.0684
45 117 1
118 5 13.2051
342 226 3
37 2 11.9215
150 2 11.9215
28 2 11.9215
430 782 1
58 2 14.6353
131 117 1
166 2 12.127
97 783 1
58 2 15.395
742 219 1
64 7 15.5883
784 263 1
157 1 9.84098
265 785 1
166 2 12.5008
786 40 2
91 5 11.145
168 6 11.6811
726 72 1
133 2 10.1638
787 788 1
23 1 9.25316
27 454 5
164 4 10.1353
171 3 9.15277
160 4 10.1353
110 3 9.15277
158 5 10.833
187 94 2
140 5 13.3807
12 10 15.5171
186 546 1
144 2 13.7611
668 789 2
137 4 11.4496
77 5 12.2378
167 12 1
170 2 12.0207
284 122 1
71 2 10.5295
435 274 2
72 4 10.7001
101 4 10.7001
410 178 1
52 1 10.3518
548 262 1
146 2 13.2142
790 196 1
146 2 13.7611
110 791 1
146 2 13.7611
357 72 1
146 3 15.2997
357 792 1
146 2 15.395
793 333 1
174 3 11.5924
790 667 1
89 3 11.672
794 134 1
169 3 16.4291
154 299 1
174 4 12.2452
795 58 1
94 1 10.3518
238 148 2
2 3 11.2402
139 3 11.2402
145 513 1
129 2 11.9215
796 464 1
21 3 9.76239
758 460 1
170 2 11.5055
464 558 1
48 2 10.255
797 277 1
130 1 9.84098
5 798 1
51 3 11.6993
60 417 3
81 2 11.1235
122 3 13.2801
99 11 18.4961
151 738 8
64 4 11.7906
111 3 10.6477
156 10 14.6144
31 8 14.0535
148 12 15.014
53 4 11.7906
155 16 15.5452
22 3 10.6477
213 65 9
183 4 13.8712
74 3 12.5265
121 2 10.4923
108 2 10.4923
102 4 13.8712
25 4 13.8712
176 3 12.5265
15 2 10.4923
16 2 10.4923
460 799 1
22 2 11.9215
487 135 3
143 2 11.9215
94 4 15.7606
37 14 20.4689
800 288 1
77 2 14.6353
801 518 1
64 1 10.3518
372 94 1
103 3 9.99044
27 583 1
60 2 13.4626
590 315 1
103 1 10.3518
96 635 1
125 1 9.84098
732 802 1
125 1 10.3518
27 163 1
125 2 13.2142
566 803 1
54 1 10.3518
525 95 1
177 3 11.0775
696 800 1
103 2 11.0153
559 804 1
124 1 10.3518
701 255 1
104 3 12.1699
255 805 1
2 1 10.3518
717 806 1
165 3 9.7531
757 96 1
145 2 12.2415
485 335 1
20 2 9.84636
80 621 1
45 2 10.4205
122 677 2
46 5 11.7028
47 6 12.2657
197 807 1
91 1 9.84098
331 808 1
124 1 10.3518
11 678 1
20 2 9.87038
248 2 1
30 1 9.50449
216 809 1
53 3 16.4291
108 18 2
1 5 12.3794
130 3 10.4593
236 446 1
108 2 11.0684
810 232 1
114 2 9.27857
811 687 1
184 7 13.5824
97 454 5
96 3 14.3512
14 2 12.0207
142 3 14.3512
129 3 14.3512
97 4 15.8917
17 567 1
138 6 18.1298
812 813 1
155 4 18.6868
793 348 7
132 8 14.0535
122 3 10.6477
127 7 13.6784
49 6 13.2085
13 3 10.6477
6 8 14.0535
48 11 14.8297
503 767 1
119 2 13.7611
700 299 1
20 16 15.613
814 314 1
96 2 12.127
67 244 1
72 3 12.0653
504 815 1
154 5 13.329
816 817 1
124 1 10.3518
85 818 1
26 1 9.84098
110 765 1
93 2 12.6497
485 194 1
26 1 9.84098
819 431 3
181 4 14.6328
108 3 13.2143
147 2 11.0684
485 587 1
26 1 10.3518
748 820 1
26 1 10.3518
702 84 1
26 1 10.3518
239 821 1
61 3 10.5583
454 423 1
18 4 15.7606
167 378 1
82 1 10.3518
154 162 1
48 3 10.8242
349 705 1
6 10 11.932
430 822 2
75 2 13.7611
19 2 13.7611
727 41 2
1 7 12.2814
114 3 9.56013
122 443 1
74 2 14.6353
709 572 1
9 1 9.84098
239 823 1
61 2 10.4923
187 217 2
181 2 12.2415
176 2 12.2415
81 348 1
76 3 12.9731
548 50 1
20 2 10.1936
824 123 1
8 2 10.8663
126 172 1
123 1 10.3518
85 825 5
157 4 16.3476
92 3 14.7629
103 4 16.3476
33 2 12.3655
21 5 17.473
156 166 1
127 2 11.2403
826 326 1
92 5 14.0888
390 220 2
54 4 15.8917
80 4 15.8917
249 827 1
61 1 10.3518
828 604 1
61 2 11.6582
829 117 2
171 1 9.84098
110 1 9.84098
89 654 1
160 1 10.3518
609 830 1
15 2 11.5799
27 831 2
153 4 15.4126
60 2 11.6582
187 23 1
12 3 12.3196
2 61 2
2 2 11.0684
139 2 11.0684
832 549 1
22 2 11.7409
85 100 1
12 7 14.8263
582 122 1
50 2 11.8285
833 426 1
10 3 14.4781
431 492 1
181 2 14.6353
730 834 1
179 1 10.3518
655 537 1
5 2 13.0013
23 835 1
129 2 10.6471
836 234 2
86 2 10.8198
9 2 10.8198
11 837 1
5 3 13.6516
838 839 2
91 4 12.224
173 4 12.224
186 449 1
140 2 11.367
47 193 1
97 3 13.7362
687 840 1
125 2 12.3655
841 166 1
27 5 13.7514
396 842 1
152 1 9.84098
84 372 1
39 2 10.1346
431 686 1
45 1 10.3518
116 235 1
45 1 10.3518
375 843 1
45 1 10.3518
437 678 1
79 3 13.5708
779 844 1
45 1 10.3518
42 172 1
46 3 12.4832
845 529 1
45 1 10.3518
632 606 1
137 1 10.3518
527 166 3
177 6 11.1276
149 5 10.6169
141 8 11.8395
228 846 1
175 1 9.84098
147 421 1
54 2 11.5055
226 847 1
37 2 13.7611
831 742 1
175 2 11.8285
570 204 1
136 1 10.3518
15 848 1
132 6 14.0798
337 47 1
97 2 13.0013
473 849 1
10 2 13.4626
299 248 4
20 10 14.8108
56 5 12.7717
112 11 15.029
184 14 15.5188
314 227 1
27 5 19.9732
147 430 1
97 1 10.3518
850 851 2
136 2 10.3521
97 2 10.3521
582 525 1
45 2 11.367
231 852 1
91 1 10.3518
853 610 1
10 1 10.3518
625 166 2
1 5 12.4455
98 4 11.6439
854 72 1
10 2 10.5295
716 343 1
160 8 12.9347
855 833 1
10 3 18.3798
856 595 1
169 2 12.8151
154 857 1
76 1 10.3518
256 858 1
76 1 10.3518
487 859 1
126 2 11.3023
326 394 1
172 2 9.87038
860 379 1
7 7 9.48331
526 34 1
20 2 10.8198
692 166 2
132 3 14.2328
6 2 11.9215
379 861 1
39 2 11.9215
862 498 3
172 4 13.6858
33 2 10.3521
21 2 10.3521
162 863 1
153 2 10.6884
359 325 1
178 1 10.3518
561 864 1
34 2 14.1349
11 99 1
119 3 13.7362
19 865 1
130 6 11.0118
498 866 1
72 3 13.9185
5 867 1
95 2 9.58479
375 60 1
99 6 15.8297
828 239 1
61 2 10.1638
868 120 1
27 2 12.6497
869 753 1
62 3 10.3526
869 172 1
101 4 9.85511
322 392 1
152 1 10.3518
870 848 1
77 2 9.29495
871 166 1
150 5 12.1051
872 570 1
95 1 10.3518
793 873 1
62 1 10.3518
154 454 1
109 2 9.77654
530 441 1
111 2 13.2142
717 197 1
34 6 18.7344
520 299 2
171 3 9.6022
110 3 9.6022
265 230 1
182 3 12.8637
63 874 1
70 3 14.9245
875 339 1
152 2 12.2415
342 876 1
103 4 10.21
877 72 1
160 3 12.8637
49 274 1
165 3 11.3275
797 348 1
73 1 10.3518
187 449 1
12 3 13.6516
321 878 2
75 2 13.7611
19 2 13.7611
743 239 1
61 3 10.1799
137 841 1
27 5 17.8746
2 663 1
177 1 10.3518
525 527 1
177 2 12.8151
879 880 1
111 1 9.84098
467 45 1
183 3 11.4431
881 882 1
115 2 13.4626
119 227 1
183 3 11.5412
454 868 1
27 2 11.1235
92 736 1
59 2 15.395
883 66 1
174 2 10.5295
650 884 1
145 13 14.1336
639 660 1
132 3 17.4728
75 413 1
21 2 9.91961
122 756 1
59 3 11.9348
559 885 1
104 2 13.2142
415 886 1
38 2 10.1346
255 72 2
38 3 11.157
166 4 12.3546
357 196 3
128 5 18.6722
83 2 13.2142
163 9 21.276
887 378 1
38 2 11.9215
316 802 1
38 2 12.2415
757 888 1
101 1 9.84098
421 15 2
59 3 11.6451
32 5 13.7828
889 60 1
174 3 13.9185
265 96 1
33 2 13.2142
503 678 1
111 3 10.487
359 752 1
73 1 10.3518
107 45 1
72 2 10.6068
677 527 1
149 1 10.3518
341 134 1
63 2 10.1346
238 890 1
107 2 13.7611
889 28 1
164 2 11.2403
891 394 1
122 6 10.5089
892 526 1
63 1 10.3518
893 7 1
82 1 10.3518
893 486 1
115 2 10.7747
27 674 1
63 3 13.6516
435 94 1
46 3 12.6165
2 449 2
133 2 10.3521
93 6 15.3316
421 509 1
84 6 17.9602
407 34 1
165 3 9.94863
440 571 1
133 2 12.5008
258 894 1
5 4 12.5684
578 697 1
109 2 12.0207
362 197 1
170 5 11.0648
895 896 1
68 1 10.3518
263 452 1
146 3 14.2328
291 452 1
45 3 12.3591
17 828 1
138 3 15.1022
293 676 1
108 2 10.8663
897 424 1
100 1 9.50449
737 611 1
132 3 13.0304
739 898 1
167 1 10.3518
899 900 1
74 1 10.3518
164 440 1
74 2 11.1235
901 709 1
108 1 10.3518
902 552 1
96 2 15.395
698 903 1
168 1 9.84098
904 905 1
74 2 12.127
699 906 1
74 3 14.9245
100 34 1
162 2 10.255
660 715 1
140 5 16.9857
907 542 1
120 1 10.3518
196 258 1
30 2 10.6068
908 417 1
99 6 14.225
658 787 1
168 1 10.3518
295 909 1
101 1 10.3518
334 434 1
106 2 11.4347
827 362 1
165 1 10.3518
369 294 1
184 2 12.127
345 910 1
142 7 14.2811
911 912 1
129 2 11.5799
342 913 1
92 1 10.3518
444 171 1
126 2 12.2415
501 825 1
92 1 10.3518
2 288 1
4 3 12.3591
544 914 1
27 8 18.6388
153 915 1
145 2 11.5799
916 625 2
1 5 12.5312
98 4 11.7241
917 430 3
116 3 12.6165
107 5 14.9326
58 7 16.2077
594 220 1
80 4 18.6868
322 253 1
92 1 10.3518
182 660 2
69 2 11.5799
13 2 11.5799
765 449 1
146 2 12.8151
10 216 1
53 2 12.5008
312 18 1
153 1 9.84098
918 147 2
142 4 17.4696
129 2 13.2142
818 660 1
26 1 10.3518
485 583 1
132 4 13.9204
767 390 1
119 5 12.7522
565 230 1
7 1 9.84098
919 196 2
2 3 11.2402
139 3 11.2402
171 234 1
33 24 10.2474
12 171 1
86 2 13.0013
67 306 1
36 2 14.1349
434 348 1
40 1 10.3518
920 921 1
87 1 10.3518
400 234 1
137 3 10.3656
256 922 1
95 2 12.127
124 923 1
94 1 10.3518
513 924 1
21 1 9.50449
925 926 1
94 1 10.3518
535 795 1
94 2 15.395
325 927 1
48 1 10.3518
671 928 1
48 1 10.3518
275 419 1
16 2 11.1808
579 72 1
154 9 10.8787
929 826 1
92 1 10.3518
930 931 1
104 2 13.2142
284 492 1
8 2 11.4347
842 722 1
9 1 9.84098
399 34 1
135 2 11.0684
932 67 1
9 1 10.3518
731 661 1
9 1 10.3518
161 238 2
18 2 12.127
148 3 14.4781
552 933 1
96 2 15.395
659 166 1
9 1 10.3518
930 427 1
164 1 10.3518
910 238 1
97 2 10.5677
453 795 1
118 2 14.1349
131 420 1
112 5 11.888
97 580 2
75 2 14.6353
19 2 14.6353
934 674 1
21 1 10.3518
935 515 1
115 2 10.7309
364 686 2
112 4 12.2452
170 7 14.2058
936 678 1
15 1 9.84098
452 388 1
28 1 10.3518
452 357 8
128 5 12.872
146 31 16.7375
93 4 12.0429
2 5 12.872
83 6 13.4911
139 5 12.872
34 26 16.5536
163 11 15.147
146 937 1
83 1 10.3518
669 938 1
168 5 11.5001
624 939 1
84 2 11.0153
65 45 1
130 3 12.0653
369 154 1
48 2 11.9215
582 940 1
116 3 14.2328
621 431 1
45 5 13.5157
798 941 1
51 3 11.3959
481 255 3
7 2 10.456
160 2 10.456
158 2 10.456
238 767 1
18 4 15.4126
440 56 2
65 6 11.026
177 5 10.52
942 881 1
98 3 10.8411
424 943 1
113 2 11.9215
394 462 1
90 3 11.9988
529 678 1
166 2 13.0013
85 541 1
174 2 11.3023
40 857 1
168 1 10.3518
734 123 2
47 3 12.0318
66 2 10.0779
13 349 1
77 2 9.54532
25 439 1
168 1 10.3518
734 2 1
168 3 11.4431
25 847 1
168 2 11.9215
816 2 1
168 2 12.6497
315 503 2
126 2 12.0207
134 3 14.3512
944 464 1
23 1 9.84098
36 945 1
77 2 12.6497
945 197 1
106 2 13.4626
314 455 1
96 2 14.1349
946 430 2
75 2 13.4626
19 2 13.4626
520 213 1
180 8 17.1227
367 315 1
106 2 14.6353
454 338 1
32 2 10.9639
42 342 1
32 2 11.0684
187 311 1
147 3 12.9731
539 417 1
32 2 13.4626
294 947 1
184 23 14.7285
948 397 1
33 3 10.5294
751 949 1
80 2 12.6497
196 146 1
163 9 14.1243
187 67 1
147 3 12.8114
6 736 1
145 2 11.6582
950 375 1
147 5 14.4907
461 185 1
71 1 9.84098
412 951 1
17 1 9.50449
952 953 1
78 2 10.255
954 88 1
162 1 10.3518
955 956 1
168 1 10.3518
238 540 1
44 3 12.3591
187 454 1
11 4 10.4528
957 481 1
83 1 10.3518
95 626 1
78 2 10.3859
96 297 1
135 4 12.4468
958 911 1
162 3 10.1335
23 81 1
78 5 10.5065
828 959 1
58 2 13.7611
790 145 1
89 2 11.6582
107 374 1
72 2 12.5008
960 452 1
163 2 13.4626
779 163 1
123 3 11.7554
761 62 1
20 1 9.50449
227 285 1
22 5 11.5109
440 81 1
76 6 10.5891
961 962 1
26 1 9.84098
963 95 1
0 2 12.3655
60 154 16
11 6 15.433
76 3 12.4409
69 8 16.4203
109 3 12.4409
70 3 12.4409
46 3 12.4409
132 3 12.4409
47 5 14.7247
81 8 16.4203
122 6 15.433
131 10 17.0757
67 9 16.778
99 3 12.4409
12 7 15.9821
66 5 14.7247
161 6 15.433
964 74 1
152 1 9.50449
440 254 8
11 6 10.9152
69 8 11.6135
81 8 11.6135
122 6 10.9152
131 10 12.0771
67 8 11.6135
66 5 10.4143
161 6 10.9152
965 123 1
81 1 9.84098
732 311 1
112 19 12.848
228 716 1
160 1 10.3518
966 18 1
160 1 10.3518
110 28 2
1 3 12.4409
160 2 10.4205
967 825 1
134 2 13.2142
736 968 1
59 2 14.1349
969 118 1
133 3 10.8582
970 162 1
106 2 11.2403
390 831 1
54 2 12.8151
27 492 1
170 3 12.3591
425 971 1
56 1 9.84098
972 446 1
71 2 13.0013
8 973 1
3 5 14.0888
974 166 1
127 2 11.9215
967 917 1
116 2 13.4626
828 518 1
54 2 13.2142
621 40 1
1 2 12.8151
565 218 1
64 1 10.3518
782 468 1
82 2 13.4626
481 638 1
169 3 10.5438
539 293 2
32 4 11.366
16 4 11.366
696 975 1
55 1 9.50449
976 163 1
55 1 9.50449
454 977 1
55 1 9.84098
421 825 1
55 1 9.84098
163 825 1
55 1 10.3518
297 312 1
55 1 10.3518
248 825 1
55 1 10.3518
978 979 1
55 1 10.3518
825 258 1
55 2 13.7611
259 748 1
55 2 14.1349
371 82 1
55 5 16.1577
394 60 6
50 4 11.0983
70 4 11.0983
140 8 13.2283
66 5 11.8623
161 4 11.0983
68 7 12.8753
225 384 1
54 2 13.4626
727 316 1
103 3 10.487
27 881 1
60 2 14.6353
571 41 1
34 4 15.309
256 980 1
37 2 10.7309
42 981 1
26 1 10.3518
179 274 1
87 2 12.5008
9 982 1
153 1 9.25316
55 983 1
179 1 10.3518
708 984 1
130 1 9.84098
375 226 1
37 2 14.1349
985 265 1
77 3 10.4731
126 204 2
96 2 11.8285
136 2 11.8285
816 236 1
181 2 12.0207
234 498 3
126 11 10.8597
89 7 10.0166
172 7 10.0166
986 987 1
89 1 10.3518
484 97 1
107 3 13.2801
258 60 1
11 3 12.0653
988 989 1
153 1 10.3518
464 420 2
43 8 10.1902
63 12 10.8866
990 366 2
166 5 16.9857
141 2 12.0207
187 557 1
127 6 12.2167
991 632 1
134 1 10.3518
992 993 1
13 1 10.3518
2 316 2
145 2 11.367
36 6 16.8347
994 417 1
5 4 14.2445
995 122 1
70 4 17.4696
460 996 1
29 6 14.1658
461 39 1
129 2 10.6068
145 171 1
126 3 12.0995
997 891 1
14 2 13.7611
998 430 1
96 3 15.1022
467 999 1
104 2 15.395
31 68 1
111 1 10.3518
890 97 2
96 2 13.4626
107 2 13.4626
33 1000 1
173 2 14.1349
63 928 1
84 3 10.4456
438 874 1
5 2 13.2142
12 688 1
63 2 10.9639
1001 669 1
168 2 11.7409
206 1002 1
106 1 10.3518
1003 581 2
77 2 9.89479
42 7 15.1757
216 337 1
53 1 10.3518
383 166 2
27 8 12.885
123 5 11.5545
899 1004 1
12 2 11.9215
455 1005 1
96 2 12.6497
1006 60 1
81 1 9.84098
15 236 2
178 7 10.1026
25 16 11.4813
72 319 1
15 2 9.91961
192 884 1
82 2 11.4347
697 763 1
109 2 10.9639
107 132 1
90 3 11.3729
239 40 2
61 6 11.634
114 3 9.37841
266 418 1
128 1 9.05246
82 936 1
93 2 12.2415
790 927 1
30 1 10.3518
2 454 3
128 4 9.8424
135 7 11.4183
177 5 10.52
357 1007 1
93 2 15.395
375 82 1
128 5 18.6722
433 96 1
184 3 12.2062
449 1001 1
60 1 10.3518
131 660 1
169 5 11.0735
346 1008 1
113 2 11.5799
581 800 1
77 4 13.7763
611 513 1
180 2 14.1349
700 166 1
20 16 10.763
187 874 1
144 2 14.6353
567 134 1
93 2 12.127
658 102 2
171 1 9.25316
110 1 9.25316
1009 122 2
11 2 12.6497
131 2 12.6497
126 238 3
116 5 12.2996
123 3 10.3919
129 4 11.5074
1010 130 1
86 3 13.4936
357 118 1
146 2 14.6353
41 13 1
61 3 12.281
425 539 1
32 9 14.6206
1011 15 1
46 2 15.395
299 257 1
62 2 14.1349
425 739 1
151 2 12.0207
252 1012 1
137 1 10.3518
595 185 1
161 1 9.84098
1012 238 1
137 1 10.3518
87 50 1
112 2 12.0207
691 751 1
150 2 11.1808
359 375 1
122 2 10.7747
347 359 3
11 2 10.8663
122 3 12.9731
67 2 10.8663
23 419 1
87 3 9.92809
809 166 1
53 4 15.4126
1013 1014 1
85 1 9.84098
529 758 4
133 3 11.3275
146 4 12.5435
4 4 12.5435
124 3 11.3275
1015 166 1
172 1 10.3518
661 323 1
140 2 11.3023
27 248 2
1 3 14.3512
117 2 12.0207
1016 143 2
2 3 14.7629
139 3 14.7629
763 697 1
109 2 11.0153
368 220 1
51 2 13.7611
529 701 1
45 2 10.6471
474 1017 2
142 2 13.4626
79 2 13.4626
417 980 1
147 3 11.2191
1018 545 1
21 1 9.84098
342 994 1
5 2 12.8151
244 666 1
147 2 13.2142
452 503 1
103 1 10.3518
490 275 1
16 3 11.1368
555 866 1
78 3 12.9731
1019 962 1
77 2 9.26237
1020 302 1
85 1 9.84098
498 1021 1
86 2 11.1808
490 15 5
183 2 10.9143
178 3 13.0304
102 5 15.4224
159 2 10.9143
179 2 10.9143
250 185 1
179 2 13.4626
61 928 1
61 2 10.1638
576 147 1
90 4 10.5589
332 18 1
60 2 14.1349
364 520 1
176 2 14.1349
27 333 1
63 2 10.106
1022 931 1
111 2 12.0207
500 972 1
111 1 10.3518
83 503 1
100 1 8.31474
942 523 2
171 2 14.6353
110 2 14.6353
524 472 1
138 6 14.8445
1023 1024 1
137 1 10.3518
1025 781 1
100 1 9.50449
709 819 1
161 1 9.50449
427 1026 1
44 2 11.4347
342 421 1
15 14 10.5215
1027 86 1
129 1 10.3518
319 755 3
178 6 10.9561
102 9 11.911
16 5 10.4533
746 1028 1
87 1 8.88539
957 829 1
23 1 10.3518
1029 255 1
9 2 10.4205
1030 1031 1
87 1 9.50449
252 541 1
87 1 9.50449
1032 850 1
87 1 9.84098
1033 1034 1
87 1 10.3518
741 421 1
87 2 10.7747
1035 321 2
75 2 13.2142
19 2 13.2142
390 94 1
31 3 12.281
914 151 1
31 2 14.6353
503 389 1
31 2 14.6353
1036 914 1
31 3 15.2997
11 512 1
31 3 18.3798
63 513 1
5 3 12.7607
196 1037 1
173 1 9.84098
1038 852 1
173 1 10.3518
1039 2 1
173 1 10.3518
1040 438 1
173 1 10.3518
353 1041 1
173 1 10.3518
216 1042 1
53 2 12.5008
414 1043 1
173 1 10.3518
148 411 2
2 15 10.6305
139 15 10.6305
1044 171 1
57 4 12.4234
510 1022 1
173 2 14.6353
393 94 1
73 2 10.0503
18 154 1
174 2 12.2415
51 348 2
69 3 11.0014
73 3 11.0014
745 324 1
52 1 10.3518
213 319 1
102 3 13.0896
51 664 1
73 1 10.3518
1045 583 1
22 2 10.8663
504 328 1
89 3 10.001
879 500 1
22 2 15.395
682 998 1
73 4 20.3528
456 60 1
5 2 12.6497
153 699 1
0 3 13.825
145 94 1
26 10 9.97636
1046 1047 1
162 1 10.3518
386 1048 2
2 1 9.84098
139 1 9.84098
69 151 1
111 1 10.3518
364 660 1
131 2 11.7409
1049 11 1
131 2 13.0013
617 319 1
179 1 10.3518
513 490 1
172 1 9.84098
430 166 2
58 17 12.4192
97 6 10.4865
527 95 1
141 1 10.3518
396 274 1
98 3 10.9463
383 699 1
123 3 14.9245
426 564 1
144 2 14.6353
1050 766 1
162 1 10.3518
458 2 1
17 1 9.84098
1051 412 1
41 2 11.8285
159 518 8
115 8 15.7523
3 2 9.99665
0 5 14.1257
80 9 16.0955
23 8 15.7523
175 8 15.7523
51 6 14.8052
29 5 14.1257
559 970 2
146 6 12.3413
8 6 12.3413
119 849 1
10 2 10.5295
384 1052 1
0 6 13.694
559 53 1
104 2 12.6497
509 18 1
63 5 14.6758
985 1001 1
103 2 11.7409
715 485 5
140 5 11.0473
120 4 10.3358
13 4 10.3358
26 9 12.5879
68 5 11.0473
1 581 1
77 4 12.203
1053 390 2
119 4 15.0276
31 6 16.8347
889 1050 1
13 2 11.1808
835 387 4
116 4 12.9552
79 5 13.8471
58 6 14.5131
129 12 16.4969
1054 166 1
98 5 11.9009
227 1054 1
98 5 12.1484
993 41 1
83 2 12.127
380 858 1
134 1 10.3518
383 172 1
35 8 24.2588
513 439 1
157 1 8.15435
411 2 3
2 15 19.0649
118 3 13.1509
139 15 19.0649
1055 291 1
95 1 9.25316
421 1056 1
16 2 15.395
60 467 1
26 2 10.456
446 506 1
130 1 9.25316
3 73 1
143 2 11.7409
1057 311 1
13 2 10.4205
537 126 1
18 4 14.8601
688 1058 1
9 4 11.9308
611 573 1
128 1 9.05246
1038 1059 1
100 1 6.8543
799 605 1
134 2 12.6497
118 758 1
94 2 12.8151
1060 72 1
17 2 12.127
216 1061 1
123 1 10.3518
825 934 11
100 3 8.24561
157 7 10.5927
55 8 10.8831
92 13 11.7505
126 20 12.2994
134 16 12.0383
89 12 11.6269
172 12 11.6269
154 19 12.2435
103 8 10.8831
21 22 12.3972
986 812 1
155 2 15.395
780 126 1
88 7 16.0364
109 166 1
144 3 12.6633
202 166 1
43 6 9.64546
226 541 1
43 1 10.3518
509 408 1
43 1 10.3518
706 1062 1
52 1 10.3518
1063 1064 3
181 3 11.7554
121 2 9.84636
48 2 9.84636
1065 464 2
69 2 12.5008
49 2 12.5008
1066 45 1
66 1 9.50449
549 879 1
22 2 14.1349
753 75 1
3 2 10.2867
409 1067 1
43 2 14.1349
841 621 1
3 1 10.3518
681 866 1
124 4 13.1474
402 729 1
3 1 10.3518
730 100 1
3 1 10.3518
3 599 1
3 1 10.3518
566 626 1
72 2 10.224
141 598 1
3 2 12.2415
523 166 2
171 2 9.97052
110 2 9.97052
1068 166 1
16 1 10.3518
45 893 1
82 4 11.9127
27 887 1
63 4 11.4354
27 403 1
84 2 10.319
119 1069 1
145 2 13.2142
456 331 1
179 2 12.2415
928 481 1
138 4 15.6376
557 1070 1
128 1 9.25316
1071 1010 1
63 1 9.84098
27 375 1
60 1 10.3518
122 134 1
159 2 11.7409
239 757 1
106 2 11.0153
179 1072 1
18 5 17.473
1073 15 1
159 2 14.6353
1019 265 1
89 2 11.4347
31 417 1
133 2 12.0207
202 226 1
43 6 13.2467
460 226 1
37 2 14.6353
17 509 1
90 2 10.4923
1074 197 2
9 5 14.3619
72 3 12.1343
361 81 1
151 2 11.9215
437 375 1
23 1 9.25316
368 170 1
23 1 9.25316
464 996 1
49 3 11.9988
583 541 1
132 5 16.2578
283 29 1
23 1 9.84098
1075 211 1
23 1 9.84098
1076 790 1
33 2 12.5008
370 1037 1
106 7 10.6447
698 927 1
83 3 10.8411
2 894 1
128 1 10.3518
567 1077 1
116 7 14.1328
624 1078 1
153 1 9.84098
145 48 1
100 1 6.87473
375 828 2
50 2 11.5055
169 2 11.5055
513 556 1
154 2 12.2415
311 40 1
171 2 9.13876
315 825 1
55 1 10.3518
905 54 1
74 2 13.4626
225 452 1
83 2 10.3859
1079 119 1
145 2 13.4626
1080 1081 1
83 1 10.3518
961 142 1
83 1 10.3518
2 135 1
83 1 10.3518
357 9 1
83 1 10.3518
245 830 1
140 3 13.1509
13 417 1
83 2 13.0013
1082 1083 1
142 3 13.4195
102 40 1
65 3 11.784
816 503 1
52 1 9.84098
1084 34 2
90 4 14.7814
61 2 11.1808
803 17 1
138 5 13.1576
292 94 1
180 4 10.9825
434 611 1
180 2 13.0013
16 65 1
180 2 15.395
155 187 1
180 4 20.3528
911 1085 1
162 1 10.3518
122 676 2
32 3 11.7271
16 3 11.7271
342 825 2
154 4 17.7981
167 3 16.0727
461 427 1
121 2 9.0246
407 1086 1
61 2 13.4626
258 293 1
53 3 10.8929
802 249 1
184 4 12.1618
118 226 2
94 5 19.0233
37 2 13.4626
236 319 1
181 4 15.8917
25 1087 1
151 2 14.1349
447 34 5
7 3 12.2062
85 2 10.224
1 5 14.4469
90 3 12.2062
158 2 10.224
492 539 1
121 1 9.50449
1061 539 1
121 1 9.84098
1088 1089 1
68 1 10.3518
160 319 1
121 1 9.84098
1090 1091 1
158 2 14.1349
583 60 1
47 2 10.9143
37 885 1
15 1 9.84098
575 147 1
167 2 11.0684
539 185 1
180 2 13.0013
839 240 2
91 4 11.7405
173 4 11.7405
444 440 1
99 4 11.8948
1040 166 1
173 1 10.3518
107 938 1
57 3 12.0318
901 567 1
182 2 11.4347
369 1092 1
182 2 11.5055
709 207 1
54 2 15.395
1093 639 1
182 2 13.4626
497 409 2
166 2 13.7611
182 2 13.7611
1094 482 1
182 2 13.7611
165 412 1
44 3 11.9988
139 342 1
102 2 13.2142
460 1095 1
62 1 9.25316
45 1096 1
3 2 11.9215
89 696 1
170 1 10.3518
1097 34 1
159 2 11.1235
1098 524 1
86 2 12.3655
840 1099 1
125 2 11.8285
55 542 1
67 1 10.3518
741 316 2
7 2 10.5295
86 3 12.5709
27 298 1
78 1 10.3518
429 110 1
129 2 11.5055
286 426 1
128 1 8.88539
97 710 1
129 2 14.6353
1100 1101 1
14 1 10.3518
559 678 1
104 5 15.7989
124 492 1
37 2 10.7747
320 864 1
86 5 16.4736
512 166 1
31 9 13.5165
1102 85 1
88 3 16.8753
48 117 1
141 3 13.2801
245 582 1
54 2 12.2415
112 81 1
133 2 10.0232
1103 1104 1
13 1 10.3518
485 657 1
13 1 10.3518
326 13 1
126 2 10.8663
182 82 1
44 3 10.4731
315 470 1
90 2 10.4923
424 153 1
90 2 11.1235
84 337 1
90 2 11.367
27 494 1
90 3 12.9731
239 1105 1
90 2 14.6353
468 559 1
175 3 11.3501
828 431 1
151 2 10.8663
849 3 2
94 5 13.7828
10 18 17.2043
443 699 1
74 3 10.4186
2 235 1
128 2 10.6068
437 539 2
66 2 14.1349
161 2 14.1349
122 60 2
11 5 12.2531
12 5 12.2531
441 159 1
51 2 14.6353
447 509 4
1 3 12.4832
98 3 12.4832
160 3 12.4832
170 2 10.456
549 801 1
64 1 10.3518
1106 1107 1
184 6 12.8106
823 237 1
46 3 13.7362
1108 967 1
106 2 10.6471
1109 1110 1
95 1 9.05246
627 166 1
95 3 9.28329
118 45 1
168 4 10.1798
1111 1050 1
150 2 12.5008
1112 872 1
95 1 10.3518
742 1113 1
148 5 15.2251
1114 957 1
23 4 10.0281
621 526 1
170 2 11.0153
27 40 1
164 3 14.7629
1115 1116 1
92 1 10.3518
303 424 1
113 5 11.691
487 1115 1
92 1 10.3518
933 54 1
96 2 15.395
175 733 1
92 1 10.3518
473 929 1
92 1 10.3518
1117 826 1
92 1 10.3518
934 676 1
92 2 13.4626
473 1108 1
92 2 13.4626
2 1019 1
128 1 9.84098
246 100 1
33 2 10.106
60 45 1
161 2 9.75398
881 573 1
98 3 10.6324
119 443 1
0 2 12.8151
293 427 2
66 2 10.5295
161 2 10.5295
45 1118 1
119 3 16.8753
122 417 9
50 7 12.3796
70 5 11.4056
131 7 12.3796
169 4 10.671
49 7 12.3796
12 9 12.9961
71 3 9.63658
66 4 10.671
161 5 11.4056
60 94 8
50 4 12.5937
70 4 12.5937
140 8 15.0106
122 3 11.3729
71 2 9.52598
66 5 13.4606
161 4 12.5937
68 7 14.6101
18 220 1
3 3 11.784
949 220 1
80 2 12.8151
406 107 2
38 2 9.97052
125 2 9.97052
87 12 2
90 2 10.6068
44 3 12.6633
957 166 1
23 4 9.17106
242 378 1
121 2 9.34518
197 557 1
170 2 12.8151
131 1119 1
70 2 11.367
708 1088 1
28 1 10.3518
1120 208 1
67 2 10.4923
1121 1122 1
87 2 9.73175
553 427 1
147 3 18.3798
785 197 1
133 2 11.8285
1123 122 1
147 2 13.4626
430 835 2
116 2 13.7611
58 2 13.7611
927 1124 1
83 3 11.0581
394 509 1
84 12 13.9283
373 1125 1
0 1 10.3518
89 756 1
56 2 11.367
1126 97 12
96 6 16.3925
14 7 16.9757
116 10 18.1373
142 16 19.2924
79 19 19.6213
75 11 18.4045
136 7 16.9757
88 12 18.6332
58 8 17.4411
19 11 18.4045
129 12 18.6332
97 11 18.4045
9 216 1
53 2 13.0013
216 562 2
53 2 13.7611
155 2 13.7611
816 44 1
128 2 10.4205
809 238 1
53 3 15.7761
968 533 1
114 1 9.84098
265 1122 1
149 2 11.5055
410 276 1
13 1 9.84098
557 660 1
140 3 14.7629
555 9 1
164 2 10.4205
150 1127 1
149 2 10.3521
1128 485 2
171 1 9.50449
110 1 9.50449
1129 1130 1
0 1 10.3518
581 333 1
40 2 10.6068
453 509 1
42 5 14.4907
1131 39 1
51 2 14.6353
234 16 1
108 2 12.8151
961 705 3
11 3 11.097
69 3 11.097
47 4 12.2882
390 782 1
148 2 13.7611
524 441 1
53 2 12.6497
23 196 1
78 10 15.7391
131 1132 1
34 2 13.0013
586 549 1
56 1 9.50449
802 1133 1
54 1 10.3518
29 28 1
114 2 11.8285
97 699 1
136 1 10.3518
492 363 1
170 3 15.7761
1052 487 5
143 18 15.0746
94 13 14.5407
37 19 15.1508
150 16 14.8968
28 11 14.2112
1134 1135 2
2 2 10.8198
139 2 10.8198
1126 166 12
96 6 15.1877
14 7 15.7281
116 11 17.0519
142 16 17.8746
79 19 18.1793
75 11 17.0519
136 7 15.7281
88 12 17.2638
58 8 16.1594
19 11 17.0519
129 12 17.2638
97 11 17.0519
454 943 1
130 3 9.99044
1136 331 1
71 1 9.50449
2 761 1
141 1 10.3518
18 151 1
9 3 11.9036
435 82 1
15 1 9.84098
447 748 1
156 2 14.6353
1137 681 1
57 2 13.0013
1138 448 1
7 1 10.3518
348 861 1
1 2 12.3655
487 912 1
37 4 11.4783
82 2 1
93 3 13.7362
1139 726 1
16 2 12.8151
889 18 1
56 2 11.6582
1140 532 1
82 1 10.3518
56 197 1
118 8 13.9937
1141 1003 2
77 2 10.3859
42 7 15.929
1073 545 1
153 1 9.50449
4 442 1
10 15 10.4404
897 1142 1
55 1 9.25316
246 98 1
49 2 12.5008
1143 1144 1
13 1 9.84098
696 453 1
42 2 10.4923
424 313 1
113 3 11.7554
489 446 1
22 1 10.3518
133 1145 1
153 1 10.3518
406 356 1
113 2 12.5008
889 154 1
73 1 10.3518
1146 866 1
36 3 15.7761
525 452 1
146 5 12.8112
430 864 2
75 2 12.8151
19 2 12.8151
559 825 1
172 1 10.3518
182 122 1
49 3 12.0653
216 583 1
27 2 12.6497
216 7 1
27 2 13.4626
960 846 1
27 2 14.1349
980 1147 1
27 2 14.6353
390 275 1
27 3 14.9245
383 390 1
27 6 21.6751
45 468 1
23 2 9.62532
957 974 1
127 2 11.9215
1148 129 1
73 1 10.3518
572 56 1
141 2 12.0207
275 503 2
157 2 8.39487
162 4 11.0983
94 585 1
162 2 11.3023
699 384 1
0 3 15.2997
639 228 1
175 1 10.3518
169 93 1
30 1 9.50449
103 609 1
113 2 13.7611
1149 614 3
143 5 16.9857
94 3 14.3512
37 7 18.4362
775 430 1
88 2 15.395
49 458 1
170 3 10.432
3 589 2
142 2 14.1349
97 2 14.1349
393 739 1
159 2 11.8285
1148 134 1
73 2 14.6353
595 134 1
86 2 11.0153
201 291 1
136 1 10.3518
305 454 1
136 2 10.6471
910 532 1
88 2 15.395
1063 1150 1
88 3 16.8753
171 799 1
134 5 15.1633
36 47 1
88 3 18.3798
464 126 1
129 3 12.7607
371 1103 1
105 1 9.84098
1087 197 1
0 2 13.7611
976 98 1
105 1 10.3518
899 546 1
105 1 10.3518
342 1151 1
139 1 10.3518
124 1028 1
143 2 12.5008
1152 492 1
114 2 11.8285
1153 429 1
105 1 10.3518
27 972 1
114 2 15.395
97 394 1
14 1 10.3518
187 100 1
161 2 13.2142
525 117 1
124 2 12.6497
1103 1154 1
105 2 11.8285
139 439 1
105 2 13.7611
13 667 1
162 2 10.2867
1087 439 1
155 2 14.1349
139 83 1
155 2 14.6353
246 1155 1
64 1 9.84098
216 473 1
155 3 15.7761
812 166 1
155 4 18.6868
83 599 1
155 7 21.6788
1156 1157 1
43 3 12.2062
468 384 1
23 2 9.37963
1158 1086 1
171 1 9.05246
1065 996 3
99 3 14.7629
49 3 14.7629
6 2 12.3655
154 311 1
47 2 11.8285
920 677 1
47 2 11.9215
399 677 1
41 2 11.2403
869 1159 2
132 3 14.2328
6 2 11.9215
290 125 1
95 1 9.84098
198 848 1
51 4 12.7523
41 162 1
60 2 12.5008
503 409 1
136 2 11.5055
13 1160 1
89 1 9.84098
1161 1162 1
148 3 14.2328
572 604 1
78 11 16.8041
161 166 6
123 9 15.3069
35 13 16.1745
156 14 16.3231
148 20 16.9301
155 8 14.9805
22 8 14.9805
85 122 1
8 4 11.4928
60 464 1
6 2 12.5008
198 444 1
33 3 10.8929
293 1163 5
116 3 13.4195
75 3 13.4195
107 6 16.647
88 8 17.712
19 3 13.4195
763 990 1
109 2 10.5677
467 226 1
150 2 13.4626
27 11 1
84 4 12.8657
1057 123 1
147 2 12.6497
56 220 1
93 3 14.3512
760 197 1
18 2 12.3655
1164 166 1
104 2 14.1349
1165 151 1
36 2 11.5055
401 166 2
135 6 12.3801
149 4 11.0512
97 47 3
75 2 12.5008
88 3 14.9245
19 2 12.5008
277 548 1
114 1 9.50449
409 1166 1
147 2 11.5055
510 60 1
99 2 11.7409
481 962 1
164 3 16.0727
848 18 1
9 2 9.94485
621 198 1
112 2 13.7611
278 787 1
101 1 10.3518
545 155 2
40 2 10.0503
89 2 10.0503
874 1167 1
141 3 10.4456
372 468 1
51 2 13.0013
1029 462 1
38 2 9.68826
1168 151 1
111 1 10.3518
514 18 1
87 1 9.05246
376 728 1
80 4 16.3476
1091 1169 1
111 2 11.7409
1093 223 1
78 2 11.6582
494 125 1
127 2 10.7309
559 1170 1
17 1 9.50449
1171 16 1
32 2 13.0013
748 494 1
85 1 9.84098
421 18 1
176 3 14.4781
315 617 1
172 1 9.50449
550 166 1
177 3 12.2062
84 1172 1
85 1 10.3518
557 541 2
127 3 14.9245
48 2 12.5008
186 828 2
180 2 12.8151
176 2 12.8151
161 310 2
35 2 14.6353
156 3 17.4728
960 425 1
167 2 10.6884
342 10 1
58 2 12.3655
791 554 1
146 2 12.6497
542 752 1
15 1 10.3518
330 425 1
157 1 8.50583
1173 847 2
69 2 12.0207
47 2 12.0207
229 727 1
122 3 10.6174
454 171 1
33 8 10.4757
824 217 1
154 2 10.6884
1174 1175 1
63 1 10.3518
143 919 2
2 3 15.7761
139 3 15.7761
122 576 1
50 6 11.9868
1029 691 1
20 2 14.6353
1176 1177 2
40 8 11.5992
103 6 10.9018
1150 1080 1
88 3 16.8753
1178 1145 1
84 1 9.84098
1179 225 1
106 2 10.456
417 393 1
70 1 10.3518
554 995 1
70 1 10.3518
1119 393 1
70 2 14.1349
485 59 1
70 2 14.1349
162 1180 1
60 10 11.9963
874 153 1
60 3 12.8114
1181 127 1
175 1 10.3518
1058 1182 1
72 1 10.3518
27 127 1
60 2 14.1349
159 198 4
82 3 10.9463
151 4 12.1214
80 4 12.1214
51 6 13.579
461 122 1
76 3 10.663
756 461 1
147 3 12.1699
67 1183 1
9 1 10.3518
167 312 1
120 1 10.3518
527 2 4
133 2 10.6884
177 5 15.1032
149 5 15.1032
141 6 15.8297
621 434 1
117 1 9.25316
187 206 1
174 2 11.9215
449 293 1
117 1 9.25316
882 1184 1
89 1 10.3518
1185 901 1
167 1 10.3518
1186 742 1
64 2 13.4626
5 847 1
110 1 9.84098
524 444 1
5 2 11.1808
1187 730 2
74 3 11.4193
68 3 11.4193
384 83 1
138 3 12.9731
627 706 1
95 3 10.5011
1188 1021 1
28 1 10.3518
546 187 4
74 5 13.6899
144 10 15.8757
169 3 11.5666
176 6 14.3484
187 386 2
74 2 11.8285
25 2 11.8285
384 437 1
82 1 10.3518
393 265 1
25 2 12.6497
716 412 1
113 2 11.0153
756 952 1
56 1 9.84098
624 1189 1
130 1 9.05246
18 621 1
112 21 14.8858
1190 525 1
28 3 15.7761
259 1191 1
117 1 9.05246
27 776 1
117 1 9.25316
31 115 2
171 2 10.6884
110 2 10.6884
757 1192 1
117 1 9.84098
1193 1194 1
117 1 10.3518
1195 1193 1
117 1 10.3518
621 1196 1
117 1 10.3518
917 420 1
117 1 10.3518
609 964 1
117 1 10.3518
964 1028 1
117 1 10.3518
1197 1050 1
172 2 14.1349
661 696 1
103 1 10.3518
27 238 3
164 7 11.2897
171 7 11.2897
110 7 11.2897
376 59 1
41 1 10.3518
1169 427 1
111 2 11.8285
1153 28 1
39 1 9.05246
894 76 1
41 1 10.3518
59 478 2
0 2 11.6582
97 2 11.6582
48 171 1
100 1 6.96089
1198 931 1
104 6 16.9349
726 1123 1
138 3 12.7113
472 893 1
138 3 12.9175
384 449 1
138 3 13.0896
174 578 1
91 1 10.3518
472 196 1
138 2 13.7611
206 1199 1
103 1 10.3518
196 744 1
91 1 10.3518
368 366 1
138 6 20.3804
163 972 1
100 1 7.2754
1200 972 1
91 1 10.3518
934 825 1
100 1 7.68882
99 1201 1
111 1 10.3518
196 412 2
24 3 11.3729
91 3 11.3729
129 1202 1
100 1 8.15435
313 166 1
90 8 10.371
145 885 1
100 1 8.88539
1148 127 1
17 1 9.50449
1203 428 1
18 2 11.9215
825 524 1
100 1 9.50449
944 828 1
17 1 9.50449
604 193 1
14 2 11.3023
238 584 1
17 3 9.86784
1204 518 1
151 3 12.3591
1205 660 1
17 1 10.3518
1206 1207 1
17 1 10.3518
736 333 1
32 2 11.4347
678 72 1
17 2 10.6471
186 94 1
147 4 11.4928
472 1060 1
17 3 12.4832
357 936 1
34 2 14.6353
1208 539 1
105 1 10.3518
1209 311 1
72 2 12.8151
1210 440 1
126 4 12.1015
3 83 1
28 1 10.3518
85 39 1
120 2 11.5055
300 1211 1
28 1 10.3518
777 567 1
116 7 14.109
454 849 1
10 3 12.0653
1212 60 1
159 2 14.1349
174 1213 1
126 1 10.3518
65 59 1
113 2 10.7747
638 333 1
8 2 10.6471
123 60 2
46 14 13.6782
49 6 11.7984
779 677 1
99 3 12.0653
1214 468 1
51 2 11.9215
234 239 2
90 12 12.302
61 8 11.515
13 830 1
61 3 12.2062
333 582 1
45 6 11.5879
1215 72 1
125 1 9.84098
45 742 2
54 8 13.7868
80 8 13.7868
637 138 1
116 3 14.0172
122 510 1
12 2 12.6497
127 900 1
114 1 9.84098
482 166 1
34 26 13.1324
11 470 1
85 1 9.84098
761 95 1
128 1 9.50449
1037 651 1
93 2 13.7611
371 204 1
14 2 11.0153
470 147 1
113 5 10.6454
349 425 1
32 7 18.4362
678 147 2
38 4 12.1823
125 3 11.0014
731 246 1
164 1 10.3518
140 222 1
163 3 15.7761
848 143 1
164 1 10.3518
447 582 1
164 1 10.3518
731 1216 1
164 1 10.3518
1010 481 1
164 4 10.8103
9 18 1
164 3 13.5708
582 823 1
45 2 11.1235
790 48 1
33 2 10.224
348 187 1
140 2 11.1808
525 2 24
133 12 16.0691
65 23 17.1931
145 15 16.5208
128 11 15.8719
57 21 17.069
45 5 13.488
135 12 16.0691
177 13 16.2399
17 3 11.3959
93 18 16.8362
4 9 15.3688
2 6 14.1367
83 11 15.8719
149 5 13.488
118 25 17.2987
36 18 16.8362
139 6 14.1367
166 14 16.3891
34 5 13.488
182 15 16.5208
141 15 16.5208
104 17 16.7422
124 5 13.488
163 20 16.9985
716 847 1
78 2 11.1808
125 967 1
24 3 9.8482
1217 417 1
107 4 18.1926
186 122 1
8 2 12.0207
639 460 1
36 2 10.5295
307 238 1
36 2 12.3655
307 494 1
36 2 14.6353
2 861 1
36 2 14.6353
161 742 1
111 1 9.84098
29 742 1
155 3 16.0727
911 424 1
162 2 12.3655
63 579 1
154 4 14.7057
611 135 2
143 2 11.5055
10 2 11.5055
751 96 1
135 2 10.6068
396 503 1
172 2 9.77654
910 193 1
142 5 17.8746
1177 44 1
40 1 9.84098
139 942 1
136 2 10.6884
65 462 1
130 1 9.84098
187 677 1
131 3 13.4195
1218 61 1
113 2 12.3655
911 507 1
126 2 10.4205
498 284 1
126 2 10.6068
454 825 2
126 4 10.6142
134 4 10.6142
238 171 1
126 9 11.0668
2 996 5
145 2 11.7409
93 2 11.7409
2 2 11.7409
139 2 11.7409
141 2 11.7409
342 1219 1
126 2 11.8285
421 16 16
59 13 16.3412
74 3 11.4671
181 6 14.225
144 5 13.5722
121 3 11.4671
178 5 13.5722
108 4 12.698
102 8 15.135
25 10 15.7391
159 6 14.225
32 7 14.7311
176 7 14.7311
15 9 15.4648
16 4 12.698
41 6 14.225
179 4 12.698
608 298 1
63 1 9.84098
238 226 2
94 2 10.5295
28 2 10.5295
238 825 2
126 6 13.694
154 6 13.694
419 1099 1
165 1 9.50449
296 488 1
72 1 10.3518
216 238 1
31 7 15.2138
1220 409 1
175 2 11.7409
1022 402 1
35 9 17.9099
283 468 1
175 1 10.3518
83 742 1
82 2 13.7611
918 86 1
0 2 13.4626
609 716 1
7 1 10.3518
11 198 1
35 9 14.5527
41 634 1
42 8 11.4808
1221 204 1
58 2 14.6353
299 1222 1
106 3 11.784
911 1001 1
162 2 10.8198
635 288 1
167 4 12.7523
759 129 1
85 1 9.84098
462 543 1
101 1 9.84098
406 549 1
43 3 9.64528
1223 814 1
96 3 11.1774
11 72 1
104 3 11.2833
818 678 1
182 2 14.6353
189 745 1
40 1 9.84098
1224 967 1
143 2 11.9215
554 509 1
7 2 9.34518
1133 760 1
62 2 11.2403
87 742 1
54 2 15.395
1106 176 1
44 2 11.2403
1061 72 1
115 3 12.5265
72 342 1
167 7 12.8892
60 823 1
46 3 12.9175
150 25 1
168 5 12.0767
578 732 1
46 2 15.395
757 86 1
127 2 11.1808
748 1143 1
128 1 10.3518
503 162 1
31 6 16.7389
1225 1226 1
125 1 9.84098
719 906 1
148 2 15.395
134 56 1
93 7 11.6419
966 1227 1
44 1 10.3518
217 677 1
125 2 9.68826
928 107 2
38 3 13.3485
160 2 11.1808
1228 907 1
120 2 9.77654
1216 460 1
29 3 11.4671
187 234 1
68 2 11.1808
321 669 1
168 3 12.1699
81 335 1
176 2 12.2415
430 45 2
96 3 14.7629
107 3 14.7629
2 747 1
182 2 14.1349
187 583 1
67 2 11.4347
1229 190 2
75 3 12.3995
19 3 12.3995
60 311 1
46 2 11.9215
716 452 1
113 2 11.1808
1230 934 1
52 1 9.84098
384 40 1
104 5 11.4682
47 1102 2
88 9 14.8875
58 5 13.0655
209 404 1
30 1 9.84098
526 682 1
73 1 10.3518
216 442 1
156 2 15.395
539 427 8
183 4 12.4946
181 6 13.9971
108 3 11.2833
102 5 13.3547
180 4 12.4946
25 4 12.4946
176 5 13.3547
179 3 11.2833
361 47 1
79 4 16.7233
554 363 1
112 2 14.6353
250 60 1
159 6 19.2551
122 427 2
178 2 10.5295
179 2 10.5295
848 147 1
9 2 13.7611
983 874 1
120 2 13.4626
359 123 1
122 3 14.4781
665 357 1
34 4 18.1926
513 63 1
157 2 9.87038
173 931 1
18 2 11.9215
1231 122 1
131 2 14.1349
369 1231 1
131 2 14.6353
55 912 1
144 2 12.8151
1215 255 1
38 3 11.6993
248 732 1
112 5 17.6642
920 584 1
43 2 12.3655
1067 402 1
3 3 10.4731
1232 1217 1
107 5 17.6642
342 378 1
143 2 10.7309
82 548 1
55 2 10.1346
580 89 1
32 2 11.1235
60 448 1
50 2 12.3655
161 162 1
148 2 13.7611
683 342 1
159 2 11.367
446 144 1
71 4 12.5435
1159 692 2
132 3 14.2328
6 2 11.9215
1018 582 2
77 2 9.32824
21 2 9.32824
375 185 1
180 2 12.2415
27 234 1
7 1 9.50449
48 849 1
94 2 12.8151
279 518 1
80 4 16.9421
1233 1180 1
60 1 10.3518
828 592 1
18 2 14.1349
584 678 2
65 7 11.2758
17 6 10.8884
595 558 1
154 2 10.8198
223 558 1
154 2 10.9639
67 503 1
154 5 13.8471
572 468 1
138 5 16.0621
501 1029 3
24 4 10.2798
91 5 10.9875
168 6 11.516
303 337 1
89 1 10.3518
511 861 1
44 1 10.3518
573 871 1
150 5 13.8471
626 1234 1
101 1 10.3518
326 718 1
126 2 14.6353
1235 82 1
52 1 10.3518
1097 804 1
135 1 10.3518
512 216 1
31 7 20.2667
768 1236 1
167 5 10.7484
681 384 1
0 2 12.127
98 696 1
55 1 9.84098
131 229 1
86 2 10.9143
871 758 1
150 5 13.8799
940 678 1
116 2 14.6353
72 65 3
178 2 12.127
159 2 12.127
179 2 12.127
390 441 1
119 4 16.9421
583 1237 1
158 1 9.50449
27 830 1
158 1 9.50449
355 760 1
158 1 9.50449
211 252 1
158 1 9.50449
223 1201 1
158 1 10.3518
1238 830 1
158 1 10.3518
434 1239 1
158 1 10.3518
235 377 1
158 1 10.3518
27 170 1
158 2 10.9639
34 1090 1
158 2 13.7611
1147 314 1
27 5 19.445
515 192 1
115 1 10.3518
429 467 5
183 6 11.9542
144 8 12.719
178 4 10.671
147 5 11.4056
179 4 10.671
393 830 3
1 7 12.8342
61 3 9.99044
114 3 9.99044
1217 166 1
107 12 13.434
717 1059 2
171 1 9.84098
110 1 9.84098
186 1240 1
169 1 10.3518
84 927 2
171 1 9.25316
110 1 9.25316
85 960 1
169 2 12.3655
107 153 1
165 3 10.2765
154 546 1
169 2 14.6353
23 1026 1
98 3 12.7113
154 1120 1
67 1 10.3518
1241 742 1
148 5 15.7989
240 719 1
91 2 11.6582
841 1113 1
27 3 15.7761
369 83 1
93 2 11.5799
1242 590 1
103 2 11.4347
932 166 1
9 1 10.3518
331 667 1
120 2 10.7747
154 440 16
11 6 15.2826
76 3 12.3196
69 8 16.2603
109 3 12.3196
70 3 12.3196
46 3 12.3196
132 3 12.3196
47 5 14.5812
81 8 16.2603
122 6 15.2826
131 12 17.3716
67 8 16.2603
99 3 12.3196
12 7 15.8264
66 5 14.5812
161 6 15.2826
66 154 1
66 2 10.4205
67 154 2
81 2 11.6582
147 3 13.9185
223 1243 1
173 1 10.3518
12 509 1
117 4 10.8311
255 228 1
4 2 12.3655
387 385 1
29 1 10.3518
118 172 1
150 2 12.127
49 748 1
55 1 9.84098
1244 518 1
150 2 12.5008
487 224 2
143 2 14.6353
150 2 14.6353
487 442 1
150 2 15.395
1153 825 1
172 1 9.50449
862 166 1
172 9 9.68824
1245 766 1
172 1 9.84098
1246 171 1
172 1 9.84098
386 1015 1
172 1 10.3518
238 860 1
7 4 9.60391
396 825 1
172 1 10.3518
862 167 1
172 1 10.3518
21 34 1
113 2 11.8285
49 355 1
165 1 9.84098
1247 731 1
29 1 10.3518
275 863 1
114 1 9.25316
258 122 2
69 3 11.1981
66 2 9.37963
27 316 1
86 2 11.6582
362 34 1
87 2 9.91961
1248 166 1
134 1 10.3518
742 390 3
54 11 15.5391
80 11 15.5391
29 6 13.8403
501 34 1
117 2 9.2305
1249 483 1
28 2 11.8285
2 297 1
65 5 16.2578
655 635 2
127 7 11.1877
48 7 11.1877
27 1250 1
63 1 10.3518
1123 384 1
138 4 13.6858
927 836 1
86 2 15.395
956 727 1
89 1 10.3518
638 16 1
59 2 11.367
1251 819 1
71 1 9.50449
1252 119 1
183 3 11.9036
401 279 1
149 1 10.3518
504 796 1
152 3 8.92878
258 474 1
4 11 11.3697
347 60 4
11 3 13.825
69 4 15.309
46 2 11.5799
6 8 18.2471
867 290 1
95 2 9.82272
299 1253 1
98 1 10.3518
1087 832 1
151 2 13.4626
1071 509 1
165 2 11.8285
495 1254 1
150 2 12.0207
60 299 4
65 7 12.0673
145 6 11.6527
182 6 11.6527
141 4 10.4018
11 441 1
119 4 14.0758
920 1255 1
85 1 9.84098
85 337 1
5 3 11.157
874 110 1
5 2 11.2403
779 172 1
5 3 11.8428
172 417 1
5 5 18.6722
238 682 1
73 2 11.0153
146 1256 1
88 2 15.395
226 412 1
143 2 10.7747
755 741 1
15 1 10.3518
830 438 1
4 2 11.7409
293 717 1
4 2 11.8285
2 444 3
4 2 11.8285
118 6 17.5181
104 7 18.1414
1245 967 1
157 1 8.61708
683 15 2
178 3 11.3959
25 4 12.6192
709 107 2
38 2 10.9639
125 3 13.0896
884 421 1
145 4 17.4696
1057 509 1
117 1 9.25316
1257 332 1
157 1 9.25316
498 1199 1
157 1 9.84098
107 825 6
157 2 12.3655
55 4 16.3476
92 5 17.473
103 3 14.7629
42 2 12.3655
21 9 19.9096
187 153 1
174 2 11.6582
492 189 1
20 2 9.79946
97 912 1
129 2 14.6353
539 15 15
59 8 14.0135
74 3 10.6174
181 16 15.5009
144 5 12.5664
121 4 11.7571
178 7 13.6395
108 5 12.5664
102 13 15.1303
25 11 14.7875
159 15 15.392
32 14 15.2694
176 8 14.0135
15 5 12.5664
16 5 12.5664
41 7 13.6395
97 521 1
97 1 10.3518
709 225 1
104 5 14.8787
1258 34 2
112 4 12.1015
39 2 9.15366
946 342 3
145 5 12.3632
93 6 12.9579
36 6 12.9579
969 153 1
78 2 10.106
97 537 1
136 1 10.3518
130 15 2
2 2 10.4923
139 2 10.4923
243 1160 1
89 1 10.3518
1259 509 1
38 1 10.3518
1260 383 2
35 2 14.6353
156 2 14.6353
161 63 1
156 2 15.395
503 758 2
156 4 15.8917
53 2 12.0207
591 251 1
156 3 18.3798
97 238 3
96 3 14.6148
142 3 14.6148
79 3 14.6148
11 161 2
35 3 17.4728
156 4 19.3484
198 216 1
156 5 20.6803
122 967 1
71 5 10.265
864 595 1
86 5 15.5651
85 300 1
0 4 11.4213
953 239 2
1 3 12.7113
78 2 10.6471
674 931 1
119 6 12.9243
110 1261 1
119 2 13.0013
197 389 1
119 2 13.2142
1262 341 1
157 2 9.87038
1118 1013 1
119 3 14.7629
461 102 1
78 5 12.2996
161 966 2
148 5 19.9732
155 3 16.8753
103 498 1
78 5 12.5138
1263 1020 1
128 1 8.88539
85 229 5
11 2 10.9639
76 2 10.9639
69 3 13.0896
47 2 10.9639
122 3 13.0896
960 34 1
61 4 14.4947
2 396 2
135 3 12.5709
163 5 14.8787
259 1264 1
87 1 9.05246
316 1265 1
128 1 8.88539
187 375 1
176 2 12.127
799 471 1
147 2 11.1235
118 937 1
175 2 9.89479
339 110 1
152 1 9.50449
27 732 2
171 2 11.9215
110 2 11.9215
938 706 1
168 2 10.0779
61 518 1
82 3 13.2801
192 2 1
24 2 13.4626
96 45 1
33 2 10.106
847 439 1
168 1 9.84098
644 96 1
33 1 10.3518
213 185 15
76 3 10.5583
50 6 13.0976
70 5 12.4965
122 3 10.5583
131 9 14.2391
67 3 10.5583
180 10 14.4917
169 4 11.6916
49 7 13.5636
12 9 14.2391
71 4 11.6916
66 5 12.4965
161 6 13.0976
6 5 12.4965
48 3 10.5583
3 340 1
37 2 10.6471
89 1266 1
17 1 10.3518
444 825 1
157 1 9.25316
27 1267 1
98 1 10.3518
198 161 1
18 2 13.4626
126 582 1
18 2 14.1349
503 428 1
18 3 15.1022
423 503 3
119 8 16.0626
35 5 14.404
18 8 16.0626
107 1268 1
101 1 10.3518
1072 454 1
18 4 16.9421
767 172 3
119 7 18.284
156 11 19.8229
18 9 19.1947
1221 578 1
109 2 10.3521
1269 636 1
101 1 9.84098
419 18 1
60 2 11.5055
423 166 2
119 8 12.6291
18 8 12.6291
311 131 1
112 10 12.8518
187 611 1
108 3 11.5412
1175 425 2
65 6 13.2661
177 3 10.6941
107 811 1
184 2 12.5008
454 216 2
27 3 12.6165
53 3 12.6165
947 50 2
112 3 14.0172
184 23 21.1478
1270 331 1
62 1 9.25316
190 338 1
41 1 10.3518
92 60 2
76 2 12.2415
161 3 14.6148
249 678 4
56 4 12.1618
39 2 9.19929
170 3 10.9828
184 4 12.1618
530 545 1
42 3 11.1168
660 493 2
169 12 11.0212
26 14 11.2407
198 383 1
123 5 14.5812
941 1271 1
101 1 10.3518
1058 139 1
166 2 11.367
513 26 1
157 1 8.61708
37 185 12
74 3 13.0896
181 5 15.4925
144 5 15.4925
121 2 10.9639
178 2 10.9639
108 2 10.9639
102 4 14.4947
25 6 16.2377
15 3 13.0896
16 2 10.9639
105 2 10.9639
41 6 16.2377
476 1272 1
84 1 9.84098
119 541 1
12 3 16.0727
1058 1102 1
9 1 10.3518
385 159 8
115 9 15.0193
3 3 11.1368
0 6 13.8152
80 11 15.5109
23 8 14.6991
175 8 14.6991
51 7 14.3068
29 5 13.1812
246 279 1
104 2 11.5055
127 374 1
104 2 11.5055
525 225 1
104 2 11.8285
11 117 1
104 2 12.2415
117 701 1
104 4 12.7523
656 9 1
135 1 10.3518
525 72 1
135 2 11.4347
567 342 1
135 5 15.7989
401 412 1
135 3 16.8753
1273 536 1
107 3 17.4728
393 440 2
50 2 10.4923
70 2 10.4923
674 783 1
14 1 10.3518
97 249 1
14 1 10.3518
97 206 1
14 1 10.3518
782 518 1
82 2 11.9215
576 462 1
44 3 12.0653
678 2 4
65 4 13.2868
57 4 13.2868
177 3 11.9988
104 3 11.9988
1274 730 2
44 4 11.028
61 4 11.028
229 421 1
159 2 11.5055
1275 1276 1
184 2 13.7611
869 990 2
166 5 16.3629
141 2 11.5799
44 60 4
65 6 11.6247
145 6 11.6247
182 5 11.0912
141 4 10.3768
26 18 1
63 1 9.84098
248 18 1
112 19 15.6774
216 758 1
53 2 14.1349
240 1098 1
91 1 10.3518
162 18 1
60 2 11.9215
1221 1277 2
134 2 14.6353
154 2 14.6353
865 1278 1
152 2 8.76081
11 583 2
55 2 11.1808
92 2 11.1808
572 339 1
152 1 9.25316
234 607 1
162 4 12.3323
297 1156 1
43 3 9.79053
37 319 1
178 1 10.3518
324 448 1
140 3 13.2801
742 135 1
22 10 15.8065
236 449 1
17 1 9.50449
135 489 2
155 5 15.2251
22 9 17.3483
390 384 3
82 4 13.8712
138 3 12.5265
29 2 10.4923
27 39 1
56 3 15.522
357 238 1
146 6 14.4458
2 419 1
166 3 15.2997
935 1279 1
89 1 10.3518
1280 85 1
51 4 11.0629
39 683 1
51 3 11.3053
583 278 1
51 3 14.6148
611 970 1
8 2 11.3023
82 87 2
90 2 10.6884
44 3 12.7607
1058 48 1
78 2 10.1638
227 394 1
127 3 10.6785
985 509 1
87 1 9.25316
84 18 11
164 4 12.1823
1 5 13.0209
86 3 11.0014
90 3 11.0014
56 5 13.0209
171 11 15.3223
44 3 11.0014
110 11 15.3223
158 3 11.0014
125 5 13.0209
39 3 11.0014
238 294 1
184 7 15.2919
1281 1174 1
63 1 9.84098
230 83 1
20 2 10.5295
525 1111 1
9 2 11.3023
529 831 1
141 2 12.6497
335 128 1
12 2 15.395
15 122 1
159 12 10.7749
582 126 1
142 3 14.2328
964 1282 1
62 1 10.3518
1283 430 3
75 2 13.0013
88 3 15.522
19 2 13.0013
850 1284 1
108 3 18.3798
61 558 1
21 4 9.96653
51 427 1
73 2 11.367
17 440 1
176 2 13.0013
730 688 1
176 2 13.0013
392 402 1
176 2 13.2142
236 275 1
176 2 13.7611
979 428 1
17 1 9.50449
1058 429 1
105 1 10.3518
922 519 1
95 2 10.8663
1029 719 1
120 3 10.5583
442 45 1
10 2 10.456
998 1148 1
73 4 20.3528
255 548 1
158 2 10.1346
241 123 1
147 2 15.395
437 171 1
33 1 9.84098
274 67 1
72 2 10.1638
1167 198 1
137 3 10.1565
45 1285 1
82 3 10.7418
911 525 1
77 2 11.4347
100 154 1
76 2 12.6497
793 311 1
13 4 17.1882
894 60 1
5 2 12.5008
434 417 1
11 2 11.5799
82 603 1
40 1 9.84098
985 454 1
40 5 10.171
1286 394 1
40 1 10.3518
601 434 1
40 1 10.3518
1210 155 1
40 2 10.456
1177 674 1
40 2 12.3655
430 299 2
107 4 15.8917
97 2 12.0207
1287 359 1
182 2 12.5008
1288 756 1
159 3 13.825
371 2 1
57 2 11.8285
1074 518 1
29 1 10.3518
677 626 1
101 3 10.7579
488 107 1
125 4 12.9249
1289 193 1
68 1 10.3518
1011 891 1
91 1 9.50449
410 919 1
152 1 9.50449
343 313 1
90 6 15.4855
934 452 17
100 3 12.5265
157 7 16.0921
137 2 10.4923
40 3 12.5265
55 6 15.5392
92 9 16.8936
126 18 18.5065
134 13 17.851
89 11 17.4465
172 8 16.5333
154 18 18.5065
103 8 16.5333
162 2 10.4923
33 3 12.5265
42 2 10.4923
21 16 18.2882
167 4 13.8712
303 343 1
90 6 15.7684
1149 294 1
148 3 16.0727
1290 430 1
14 1 9.84098
1291 666 1
105 1 9.84098
583 1189 1
65 2 11.2403
996 102 1
65 2 12.0207
1058 962 1
65 2 13.2142
1037 626 1
106 4 15.8917
1058 695 1
65 2 13.7611
441 34 2
165 3 11.9348
101 2 9.99665
485 60 1
81 2 10.9639
369 171 1
21 2 9.75398
96 644 1
33 1 10.3518
927 488 1
66 1 9.84098
217 862 1
172 6 11.6154
105 401 2
135 6 19.2551
149 4 17.1882
734 742 2
166 3 13.4195
182 4 14.8601
973 1292 1
3 2 13.4626
386 669 1
173 1 10.3518
576 716 1
160 1 10.3518
583 1293 1
24 1 10.3518
1294 647 1
1 2 14.1349
66 235 1
13 1 9.84098
920 835 2
79 3 16.0727
129 3 16.0727
386 1040 1
173 1 10.3518
1295 626 1
52 1 10.3518
1056 967 1
16 2 12.0207
384 674 1
53 1 10.3518
238 1264 1
113 3 11.0014
148 518 1
3 3 15.522
695 830 1
101 1 10.3518
315 171 1
154 3 12.7113
421 236 1
15 3 12.9175
348 249 2
56 2 12.0207
184 3 14.3512
59 311 1
29 2 11.0153
800 1176 2
40 8 11.3295
103 7 11.0271
130 73 1
77 6 10.5315
837 678 1
24 1 9.84098
547 979 1
24 1 9.84098
533 457 1
24 2 10.255
196 439 1
24 1 10.3518
154 85 11
11 6 10.922
76 5 10.4208
69 14 12.6622
132 8 11.6207
147 7 11.3106
122 5 10.4208
174 5 10.4208
120 5 10.4208
73 13 12.5469
12 18 13.0076
48 8 11.6207
1296 1021 1
24 1 10.3518
1297 556 1
24 1 10.3518
196 194 1
24 1 10.3518
275 1298 1
24 1 10.3518
1235 852 1
24 1 10.3518
196 1025 1
24 1 10.3518
196 740 1
24 3 12.8114
628 220 1
3 1 10.3518
1299 41 1
91 1 10.3518
193 239 1
153 2 9.91961
128 980 1
12 2 15.395
1300 626 1
43 3 12.1343
454 340 1
150 2 12.8151
19 1114 1
23 4 9.86149
501 876 1
40 4 12.1823
1139 372 1
181 2 12.6497
36 187 6
74 4 13.049
181 5 13.9473
144 7 15.1383
176 5 13.9473
105 5 13.9473
26 3 11.784
315 60 1
109 1 9.50449
702 237 1
109 1 9.84098
319 372 1
181 2 15.395
417 615 1
76 1 10.3518
402 1301 1
3 2 10.3859
359 95 1
177 1 10.3518
183 1302 1
109 2 11.8285
3 215 1
143 2 13.2142
190 226 1
143 2 13.4626
501 1022 1
173 1 9.84098
928 449 1
29 4 12.224
565 394 1
120 2 10.8198
111 525 1
93 2 11.9215
80 1303 1
69 2 12.6497
715 187 2
131 6 13.6473
169 9 14.8367
464 2 1
17 1 9.84098
48 511 1
38 2 9.62532
1177 155 2
40 2 11.9215
103 3 14.2328
452 249 1
38 1 10.3518
130 468 1
82 3 14.0172
1304 1226 1
29 1 10.3518
441 503 1
119 20 12.7895
410 1126 12
96 6 16.3925
14 7 16.9757
116 10 18.1373
142 16 19.2924
79 19 19.6213
75 11 18.4045
136 7 16.9757
88 12 18.6332
58 8 17.4411
19 11 18.4045
129 12 18.6332
97 11 18.4045
67 71 1
23 1 9.25316
292 185 1
181 2 12.2415
1305 1202 2
75 2 12.8151
19 2 12.8151
142 452 1
163 3 12.3995
553 60 1
99 2 14.6353
478 482 1
163 2 13.7611
107 435 2
72 2 11.0684
101 3 13.2143
1262 509 1
158 4 12.0048
614 166 3
143 5 14.4907
94 3 12.2432
37 7 15.7281
1152 102 1
61 2 12.6497
1306 144 1
113 2 14.6353
755 363 1
15 1 10.3518
34 656 1
135 7 18.9651
1278 1075 1
152 1 10.3518
67 659 1
9 1 10.3518
348 518 2
138 7 17.2393
51 2 11.2403
530 217 1
121 1 8.88539
493 567 1
70 2 13.4626
377 18 3
78 2 10.456
39 2 10.456
170 2 10.456
1180 27 2
117 4 9.10429
60 8 10.8516
103 577 1
7 1 10.3518
368 275 1
151 2 12.127
226 73 1
43 2 10.3521
708 40 1
140 2 11.7409
816 89 1
7 1 10.3518
741 1307 1
7 1 10.3518
715 234 1
140 3 17.4728
527 342 1
45 1 10.3518
311 1019 1
13 2 11.1235
417 131 1
99 5 16.2578
425 557 1
65 2 11.3023
82 827 1
77 1 9.50449
1050 66 1
127 2 13.2142
970 153 1
78 1 10.3518
1165 870 1
77 1 9.50449
520 838 1
91 1 10.3518
393 399 2
59 3 13.825
16 2 11.5799
1232 166 1
107 5 14.3619
187 429 1
144 3 13.5708
41 830 2
114 4 12.8367
39 2 9.70985
46 1308 1
95 2 10.7747
81 1309 1
177 1 10.3518
655 83 1
68 2 11.6582
539 520 1
180 5 17.473
236 65 2
25 3 14.1217
159 2 11.8285
186 611 1
8 2 11.7409
427 765 1
166 2 11.8285
444 424 1
162 1 10.3518
97 166 13
96 8 15.2328
14 7 14.8263
116 10 15.8409
142 16 16.8497
79 19 17.1369
75 11 16.0742
107 9 15.5647
136 7 14.8263
88 12 16.2739
58 8 15.2328
19 11 16.0742
129 12 16.2739
97 11 16.0742
931 1191 1
157 1 8.50583
236 427 1
74 2 11.0684
15 555 1
81 3 10.1335
236 16 2
108 2 11.3023
25 3 13.4936
51 470 1
153 1 9.25316
266 1310 1
153 1 9.50449
901 146 1
153 1 10.3518
10 430 1
58 7 15.8264
1000 225 1
177 2 12.2415
19 495 1
118 2 13.2142
67 313 1
72 1 9.84098
994 200 1
5 2 12.6497
185 319 1
102 2 15.395
442 135 2
150 5 11.6561
28 4 10.9053
1091 794 1
169 4 17.7981
130 234 1
104 10 14.5523
123 154 12
11 6 11.7002
76 8 12.4487
109 4 10.4442
46 13 13.4408
5 9 12.7199
47 12 13.2995
122 6 11.7002
174 11 13.1363
131 8 12.4487
67 8 12.4487
66 5 11.1632
161 5 11.1632
342 1051 1
41 3 12.5265
738 161 4
111 2 12.2415
35 3 14.6148
148 12 20.6079
22 3 14.6148
1311 621 1
45 1 10.3518
1312 326 1
92 3 11.9036
732 861 2
158 1 9.84098
114 2 14.6353
1210 400 1
137 1 10.3518
845 225 1
45 1 10.3518
286 526 1
22 4 11.1588
1313 626 1
45 1 10.3518
420 848 1
36 17 11.2178
865 16 1
130 6 11.0048
789 412 2
137 2 9.91961
77 5 14.0168
1314 9 1
91 1 9.84098
621 265 1
130 1 9.05246
197 1060 1
168 1 9.84098
1237 239 1
78 2 9.99665
1163 36 4
75 4 14.0226
107 5 14.9879
88 8 16.7138
19 4 14.0226
901 200 1
182 2 12.127
187 706 1
5 5 13.2538
216 172 1
53 2 14.1349
60 275 1
183 2 11.7409
406 678 1
184 6 13.694
366 452 1
166 3 15.2997
1315 105 2
135 6 19.2551
149 4 17.1882
186 163 1
123 4 12.698
1302 1316 1
109 3 10.3142
293 40 1
105 2 10.9639
1317 108 1
183 3 11.4671
1318 180 1
118 2 13.7611
45 431 2
82 4 12.9249
29 5 13.8147
1178 884 1
84 1 9.84098
27 1226 1
20 1 9.84098
288 419 1
20 2 10.0232
1177 129 1
103 1 10.3518
108 506 1
98 1 10.3518
390 11 1
31 3 13.7362
1276 1274 2
44 4 11.0396
61 4 11.0396
2 744 1
57 6 13.8657
728 166 1
80 4 13.7305
226 1052 6
143 18 16.5749
94 13 15.9878
37 19 16.6586
10 3 11.2191
150 15 16.2643
28 11 15.6255
492 284 1
8 3 12.9731
1221 859 1
42 8 11.4538
145 481 1
138 4 15.4126
540 166 1
44 8 11.8003
93 2 1
173 1 9.84098
97 1319 2
142 4 18.1926
79 2 13.7611
554 654 1
7 1 9.50449
1020 1320 1
60 1 10.3518
225 1292 1
28 2 12.0207
621 936 1
130 1 9.50449
396 34 1
130 4 9.94641
995 166 1
70 4 12.5435
409 338 1
120 1 10.3518
24 461 1
57 6 18.9794
1321 1274 1
68 1 10.3518
146 252 1
146 2 13.7611
440 134 1
36 3 12.6165
27 661 1
153 1 10.3518
432 1221 1
143 2 11.1235
429 190 1
129 3 13.7362
234 557 1
170 3 11.4193
374 72 1
8 6 14.0519
136 674 1
37 2 11.9215
146 952 1
39 1 9.05246
364 378 1
175 1 10.3518
680 667 1
157 1 8.50583
81 59 1
97 2 11.6582
204 1322 1
58 2 13.7611
1064 789 3
181 3 11.9988
121 2 10.0503
48 2 10.0503
357 937 1
146 4 18.1926
85 65 1
123 3 13.3485
967 393 1
59 9 11.629
197 509 1
170 2 10.4923
126 151 2
148 2 13.0013
155 3 15.522
1323 590 1
10 1 10.3518
171 427 1
151 2 12.8151
567 621 2
1 5 12.021
130 3 10.1565
60 85 4
5 8 11.4944
81 5 10.3075
174 10 11.9532
49 9 11.7449
850 361 1
97 2 12.6497
129 819 1
3 1 10.3518
152 2 3
4 3 13.4195
149 2 11.2403
124 2 11.2403
1007 1324 1
98 2 11.5055
224 730 4
65 4 13.3604
57 6 14.9671
118 4 13.3604
182 5 14.2802
117 255 1
166 3 12.7607
1263 511 1
39 2 12.8151
473 1325 1
175 1 9.84098
454 1181 1
175 1 10.3518
1326 683 1
51 3 12.2432
671 507 1
15 1 10.3518
1327 438 1
172 1 10.3518
1114 434 1
42 2 9.70985
447 248 1
39 1 9.05246
1328 311 1
105 1 10.3518
680 81 1
100 1 6.87473
89 275 1
39 1 9.25316
966 1166 1
39 1 9.25316
27 631 1
39 1 9.84098
1169 28 1
39 2 14.6353
507 503 1
137 1 9.84098
386 1329 1
4 2 15.395
556 1173 2
76 2 10.6884
47 3 12.7607
254 274 1
76 2 11.7409
437 504 1
162 2 11.367
238 480 1
34 2 15.395
216 512 1
31 2 13.7611
780 291 1
167 2 14.1349
95 198 1
135 3 12.4409
341 419 1
37 2 12.6497
379 782 1
82 2 11.4347
177 2 1
89 1 9.84098
85 677 2
69 6 14.5826
131 3 11.7554
58 1043 1
91 1 9.84098
928 366 1
151 3 12.0653
279 279 1
30 2 10.255
501 1330 1
173 1 10.3518
321 133 1
153 2 12.6497
465 444 1
48 2 10.5295
537 417 1
99 2 13.4626
564 166 1
144 3 17.4728
23 18 7
38 5 10.7864
1 9 12.2906
113 5 10.7864
98 6 11.3053
160 6 11.3053
158 4 10.0917
170 5 10.7864
137 680 1
100 4 6.94314
1132 717 1
34 6 16.0243
1331 676 1
26 1 9.84098
115 701 1
118 3 12.3591
384 782 1
116 6 13.4274
893 498 1
29 1 10.3518
1013 418 1
63 2 9.73175
767 166 2
119 12 13.7395
18 9 13.1408
126 835 1
123 1 10.3518
779 319 1
102 2 14.1349
122 234 1
8 4 11.6916
238 849 1
10 2 11.2403
183 420 1
36 16 14.2392
753 420 1
113 4 15.8917
282 430 3
79 3 15.1022
75 2 12.6497
19 2 12.6497
1058 866 1
101 2 10.8198
108 217 1
183 2 10.5295
36 542 1
62 1 9.84098
621 1125 1
130 1 9.50449
901 461 1
147 2 13.4626
1236 1332 3
38 3 10.5294
125 3 10.5294
167 5 12.4624
990 1221 1
109 2 10.1346
1220 1195 1
115 1 10.3518
865 1180 1
60 1 10.3518
676 319 1
181 2 13.2142
1128 336 1
117 1 9.84098
908 34 1
110 2 9.3623
465 1132 1
105 1 10.3518
417 1166 1
99 3 15.1022
328 498 3
134 4 13.4763
154 4 13.4763
103 4 13.4763
511 131 1
89 2 10.9143
1071 837 1
154 2 10.6068
676 755 1
121 1 9.05246
2 595 1
83 2 13.0013
941 134 1
7 3 10.8929
396 607 1
54 2 10.4923
274 419 1
165 6 11.4636
493 715 12
50 4 11.8248
70 4 11.8248
132 4 11.8248
140 4 11.8248
131 5 12.6388
120 4 11.8248
169 12 15.0574
49 4 11.8248
13 4 11.8248
6 5 12.6388
26 11 14.8726
68 5 12.6388
1127 1112 1
95 1 10.3518
1094 825 1
134 1 10.3518
238 479 1
34 2 15.395
784 127 1
21 1 9.50449
452 898 1
21 1 9.50449
417 510 1
99 2 14.1349
127 1333 1
66 1 9.84098
198 549 1
52 2 9.73175
1153 163 1
21 2 10.6471
75 825 1
21 3 13.4195
1334 779 1
141 1 10.3518
1248 1335 1
134 1 10.3518
347 36 1
26 2 12.8151
490 16 1
102 3 16.4291
869 1106 1
184 6 12.3032
942 201 2
14 2 13.2142
136 3 15.7761
17 34 1
125 5 12.0767
1336 760 1
166 2 11.7409
702 1263 1
152 1 9.50449
573 127 1
98 2 12.8151
861 41 2
114 4 13.049
39 2 9.87038
66 225 1
81 1 10.3518
67 403 1
87 3 11.5412
197 563 1
132 2 11.7409
234 122 1
8 3 11.0201
1021 242 1
84 2 9.97052
252 27 1
84 1 10.3518
208 1337 1
84 1 10.3518
13 244 1
84 2 10.3859
21 18 1
84 2 11.2403
549 421 1
84 2 12.2415
111 342 1
133 2 9.91961
656 238 1
135 4 17.1882
967 356 1
165 2 10.5677
734 1338 1
63 1 10.3518
581 349 1
42 1 9.50449
84 569 1
170 2 12.8151
525 85 1
42 9 9.70641
138 979 1
42 1 10.3518
539 419 1
41 1 10.3518
1221 342 1
42 2 10.9639
655 265 1
42 3 11.3053
461 1339 1
9 1 10.3518
45 1141 1
42 6 19.9383
161 1340 1
22 2 15.395
394 208 1
155 2 13.7611
912 154 2
127 2 12.127
48 2 12.127
1019 725 1
89 1 10.3518
219 212 1
64 8 16.8424
63 743 1
124 1 10.3518
154 258 1
46 2 12.8151
1262 34 1
20 2 9.58479
1341 1342 1
134 1 10.3518
1343 159 1
115 1 10.3518
510 893 1
175 1 9.84098
208 205 2
64 2 10.2867
156 5 14.5355
2 650 1
145 4 16.7233
275 366 1
151 2 14.6353
1284 548 1
108 3 15.2997
761 385 1
25 2 14.6353
215 107 1
38 2 12.8151
757 632 1
165 2 8.95744
2 196 6
95 5 12.1778
30 13 14.6624
24 19 15.2776
91 14 14.7972
168 17 15.1159
173 10 14.1221
676 421 1
59 2 13.2142
765 467 2
17 2 10.0232
166 5 14.1633
42 1344 1
68 1 10.3518
386 694 1
124 1 10.3518
709 387 2
2 3 12.6165
139 3 12.6165
1322 536 1
58 2 13.4626
642 242 1
85 1 9.84098
1345 509 1
85 1 9.84098
415 1346 1
85 1 9.84098
1310 355 1
85 1 9.84098
