1 2 3
109 6 15.0095
93 4 13.3983
0 4 13.3983
3 4 1
137 2 15.395
5 6 1
52 2 11.5799
7 8 1
212 2 10.106
9 10 1
218 2 13.4626
11 12 1
212 2 10.224
13 14 1
209 1 10.3518
15 16 1
216 1 8.31474
17 18 2
14 3 14.4781
95 3 14.4781
19 20 1
51 1 9.05246
21 22 1
58 2 11.0153
23 24 1
8 4 13.3983
25 26 1
212 1 10.3518
27 28 1
30 2 13.4626
29 30 1
212 1 10.3518
31 20 2
217 1 9.50449
181 1 9.50449
32 33 1
212 1 10.3518
34 35 1
212 1 10.3518
36 37 1
181 2 9.91961
38 39 1
7 1 10.3518
40 41 2
181 3 13.4936
107 3 13.4936
42 43 1
26 1 10.3518
31 44 1
181 2 14.6353
45 2 2
121 3 12.0653
152 5 14.2802
46 47 1
110 2 13.7611
48 49 1
206 2 11.1235
50 51 1
110 2 14.6353
52 53 1
228 2 11.3023
54 55 1
15 1 8.88539
56 57 2
117 4 18.1926
110 5 19.445
58 59 2
115 4 16.3476
1 7 18.9651
60 61 1
58 1 10.3518
62 63 6
48 4 11.2213
162 4 11.2213
88 3 10.1335
165 3 10.1335
66 3 10.1335
144 3 10.1335
64 65 1
2 2 12.6497
66 67 1
216 1 8.50583
37 68 1
146 5 11.8751
69 70 1
59 2 9.87038
71 72 1
22 2 14.6353
73 74 1
224 2 11.3023
75 76 1
102 1 9.84098
77 78 1
2 5 11.0129
79 80 1
102 1 9.84098
81 82 1
102 1 10.3518
83 65 1
219 1 10.3518
84 85 1
102 1 10.3518
86 87 1
102 1 10.3518
88 89 1
102 1 10.3518
90 13 1
102 1 10.3518
91 73 1
224 1 10.3518
21 92 1
168 2 13.4626
93 68 1
131 1 10.3518
94 95 2
160 4 10.5408
51 5 11.2665
96 97 1
196 4 10.7098
98 99 1
206 1 10.3518
28 2 2
109 2 12.0207
21 2 12.0207
100 17 1
194 4 12.4002
101 102 1
169 3 18.3798
103 104 1
25 1 10.3518
105 106 1
224 3 12.6633
107 52 1
43 1 10.3518
108 109 1
101 1 10.3518
110 111 1
126 5 12.021
112 113 1
18 1 10.3518
114 21 1
18 1 10.3518
115 116 1
18 1 10.3518
117 118 1
205 2 15.395
119 120 1
18 1 10.3518
91 121 1
37 3 14.9245
116 122 1
18 1 10.3518
123 124 1
18 1 10.3518
125 126 3
18 2 12.2415
226 2 12.2415
125 2 12.2415
127 128 3
18 3 14.0172
6 2 11.7409
136 2 11.7409
129 130 1
78 1 10.3518
131 132 7
46 5 11.1632
188 11 13.1363
84 6 11.7002
76 8 12.4487
111 3 9.43179
115 7 12.1165
158 5 11.1632
133 127 1
139 2 10.5677
134 135 1
32 2 14.6353
131 136 1
1 2 12.6497
137 138 1
56 1 10.3518
139 140 1
79 3 10.3787
31 141 1
123 3 11.4431
142 81 1
98 1 9.84098
143 144 1
97 5 11.0648
145 146 4
94 5 12.1051
106 6 12.6874
157 5 12.1051
139 14 14.7088
147 148 1
146 1 9.84098
149 150 1
117 2 13.2142
151 152 1
180 2 13.2142
153 154 1
180 2 13.7611
151 155 1
180 2 14.1349
156 157 1
104 2 10.6471
158 159 1
180 2 15.395
54 160 1
38 3 11.9665
155 161 1
180 3 18.3798
162 163 1
118 3 13.825
164 165 2
52 2 10.5677
69 2 10.5677
166 167 1
114 1 9.84098
168 169 1
104 2 11.4347
170 171 1
114 1 9.84098
172 37 1
193 3 12.8637
135 173 1
49 1 10.3518
174 175 1
49 2 10.6068
176 177 1
43 8 11.4337
178 63 1
114 2 12.0207
179 180 1
45 1 10.3518
181 182 1
146 1 9.50449
183 184 1
68 3 10.3656
185 172 1
122 2 12.8151
186 187 1
65 2 14.6353
188 189 1
183 1 10.3518
190 77 1
73 3 12.8637
191 192 1
43 2 11.5055
193 194 1
148 2 13.2142
195 196 1
148 2 14.6353
197 124 1
148 3 14.9245
198 199 1
148 6 19.2551
200 201 1
68 1 10.3518
202 203 29
11 8 12.1246
99 7 11.801
48 7 11.801
171 5 10.8726
114 4 10.1723
38 8 12.1246
138 10 12.6085
142 8 12.1246
27 9 12.3887
36 21 13.7593
230 9 12.3887
190 7 11.801
162 7 11.801
92 8 12.1246
81 8 12.1246
1 15 13.3173
131 7 11.801
145 9 12.3887
88 6 11.3955
120 7 11.801
165 6 11.3955
170 4 10.1723
195 5 10.8726
66 7 11.801
40 10 12.6085
144 7 11.801
72 4 10.1723
225 5 10.8726
85 6 11.3955
157 17 1
114 3 10.5152
204 205 1
128 1 10.3518
206 141 1
0 2 11.367
207 208 1
206 1 9.50449
209 210 1
224 2 10.319
211 212 1
223 1 9.50449
213 214 1
24 2 10.255
215 94 1
24 3 12.4409
216 217 1
223 1 9.84098
131 144 2
20 5 13.4336
41 3 11.3501
207 218 1
64 4 10.9713
219 220 1
46 2 11.4347
221 88 1
25 1 10.3518
13 222 1
154 2 11.0684
223 224 1
3 1 9.84098
27 225 1
103 2 13.0013
226 227 1
3 1 10.3518
228 229 1
3 1 10.3518
230 231 1
3 1 10.3518
62 232 1
71 2 13.2142
233 234 1
3 1 10.3518
235 236 1
3 1 10.3518
237 238 1
3 1 10.3518
239 22 1
110 2 13.7611
240 241 1
3 1 10.3518
242 177 1
3 9 12.3979
236 127 1
94 2 10.7309
243 100 1
180 3 15.1022
244 245 1
157 2 11.7409
198 246 9
6 4 14.2445
52 2 10.7747
30 4 14.2445
227 3 12.8637
148 4 14.2445
122 9 17.3483
91 3 12.8637
125 5 15.2251
33 2 10.7747
184 160 1
127 3 15.1022
247 248 1
94 3 16.0727
249 111 1
33 1 10.3518
157 250 1
132 5 12.1051
251 252 1
0 2 11.367
69 253 1
104 2 10.9143
206 254 1
102 1 10.3518
255 256 2
160 6 13.7177
130 2 9.26237
166 257 1
76 7 12.459
258 259 1
61 2 11.1808
260 2 1
223 2 11.4347
261 257 1
188 5 13.4336
135 141 1
110 3 15.522
20 262 4
155 8 12.02
160 9 12.2819
130 7 11.6992
51 7 11.6992
263 88 1
199 2 13.2142
264 265 1
223 3 12.4832
239 266 1
141 5 14.4469
267 268 1
135 2 10.6068
120 269 1
200 1 9.84098
270 41 1
179 2 12.2415
271 272 1
53 2 15.395
70 273 1
56 3 10.8074
274 275 1
187 2 11.7409
142 70 1
178 2 10.456
276 106 1
73 4 10.7898
277 278 1
75 5 11.0301
68 279 2
82 7 17.7602
225 3 13.825
280 41 1
149 2 15.395
281 282 1
91 2 11.9215
283 284 1
9 1 9.84098
285 286 1
137 3 14.3512
287 40 1
99 2 13.7611
288 289 1
38 3 12.281
290 291 1
220 1 9.25316
292 293 1
220 1 9.50449
294 291 1
220 1 9.50449
163 295 11
163 12 15.014
177 16 15.5452
3 4 11.7906
116 4 11.7906
17 4 11.7906
149 10 14.6144
22 8 14.0535
105 13 15.1735
224 3 10.6477
218 4 11.7906
44 3 10.6477
296 297 1
202 2 14.6353
298 299 1
220 1 9.84098
300 100 1
113 3 9.99044
301 302 1
220 1 10.3518
303 304 1
113 1 10.3518
305 306 1
220 1 10.3518
307 293 1
220 2 10.6884
308 296 1
113 2 11.0153
309 310 1
121 6 9.61499
311 312 2
39 2 13.0013
215 2 13.0013
313 314 1
151 2 10.9639
315 316 1
70 2 13.4626
29 317 1
152 2 13.7611
318 319 1
172 1 9.84098
320 321 3
138 3 13.2143
142 2 11.0684
92 4 14.6328
262 322 1
217 2 12.6497
297 323 1
73 1 10.3518
324 177 1
206 2 9.10939
89 325 1
98 2 11.6582
326 40 1
133 1 8.88539
327 245 1
152 5 15.1633
63 327 1
188 2 12.8151
64 328 1
60 5 15.1633
329 330 1
97 1 10.3518
331 322 1
97 2 15.395
332 333 5
79 8 13.499
53 4 11.3254
168 10 14.0378
211 5 12.1051
62 9 13.7931
209 334 1
211 3 10.7743
279 177 2
82 7 17.148
225 3 13.3485
335 336 1
12 2 13.7611
337 338 1
143 2 11.3023
339 340 4
117 4 15.7606
110 4 15.7606
25 2 11.9215
100 4 15.7606
341 342 1
118 5 17.8746
343 139 1
184 1 8.74227
344 63 1
48 2 12.0207
345 59 2
156 2 14.6353
149 2 14.6353
53 332 4
187 15 13.1104
181 5 10.7037
146 4 10.0143
60 32 13.9432
287 346 6
188 2 12.6497
70 2 12.6497
76 4 16.7233
165 2 12.6497
66 4 16.7233
144 4 16.7233
347 348 1
154 1 10.3518
349 350 1
108 2 12.8151
304 351 1
143 2 10.5295
352 353 1
224 1 9.84098
354 124 1
129 1 10.3518
355 356 1
43 1 10.3518
357 358 1
211 2 13.4626
359 360 1
203 2 10.9143
24 361 1
8 4 16.0323
133 157 1
174 2 11.0684
244 272 1
174 2 11.6582
362 131 4
48 3 11.039
115 4 12.224
104 3 11.039
145 4 12.224
237 177 6
201 16 12.7449
17 8 11.5219
22 21 13.0754
65 10 11.9818
218 23 13.1704
141 8 11.5219
38 63 1
14 2 13.7611
363 232 1
174 2 15.395
41 364 1
108 4 11.0052
365 297 1
172 2 13.0013
131 18 3
95 3 11.9665
191 5 14.1633
36 4 13.2511
31 366 1
9 2 10.319
367 368 1
42 1 10.3518
22 31 15
56 29 10.6429
31 10 9.52956
175 22 10.4387
213 22 10.4387
203 12 9.79008
26 16 10.1365
13 13 9.89412
130 9 9.36345
51 9 9.36345
50 10 9.52956
107 14 9.98506
9 16 10.1365
209 23 10.4749
55 27 10.5946
90 20 10.3563
63 204 1
46 14 10.3867
348 330 2
154 5 9.93717
178 8 11.0814
2 77 1
91 2 12.0207
369 370 1
26 1 10.3518
371 372 1
58 1 10.3518
373 374 1
169 2 13.4626
114 174 1
125 2 11.5799
375 47 1
58 1 10.3518
304 71 2
166 2 12.0207
68 3 14.3512
227 204 1
114 2 13.2142
376 377 1
58 2 14.6353
31 378 1
34 1 9.25316
379 380 1
42 2 12.0207
381 382 1
133 1 10.3518
70 248 3
106 3 13.6516
157 4 15.117
174 6 16.9349
31 95 1
181 1 9.84098
383 362 1
15 1 9.84098
384 385 1
4 1 10.3518
386 317 2
226 3 15.2997
91 2 12.8151
387 388 1
106 4 12.8951
93 389 1
0 3 11.1368
390 391 1
102 3 14.6148
103 392 1
87 2 14.1349
393 267 1
230 2 14.1349
394 395 1
70 8 21.6842
319 135 1
103 3 13.825
396 260 1
104 2 13.0013
397 168 1
104 2 14.1349
398 355 1
200 1 9.84098
394 399 1
96 1 9.05246
400 401 1
96 1 9.50449
400 402 1
96 1 9.50449
403 143 1
96 1 10.3518
404 351 1
96 1 10.3518
405 406 1
96 1 10.3518
407 143 1
96 2 13.4626
408 328 2
155 5 12.5664
132 4 11.7571
218 144 1
105 2 10.6471
409 351 1
102 2 12.5008
386 410 1
64 5 11.2378
411 163 1
163 2 14.1349
412 222 1
154 2 12.2415
413 239 1
100 6 10.7714
414 177 1
37 4 12.7801
415 416 1
192 1 10.3518
417 418 1
36 2 12.0207
21 11 1
184 1 7.15924
317 71 1
113 1 10.3518
417 419 1
206 1 9.50449
131 420 1
20 3 12.4832
174 260 1
191 2 11.7409
269 234 1
122 5 11.4367
421 259 1
161 2 12.6497
422 423 1
111 1 9.84098
31 424 1
197 1 10.3518
425 219 1
148 2 13.0013
77 426 1
205 2 13.2142
427 428 1
15 1 8.74227
429 430 2
119 1 9.84098
185 1 9.84098
2 429 2
119 2 10.5295
185 2 10.5295
431 432 2
119 3 17.4728
185 3 17.4728
72 433 3
177 5 15.3546
156 9 17.4958
22 9 17.4958
434 435 1
227 1 9.50449
258 262 2
178 12 12.302
61 8 11.515
436 239 1
194 7 11.5006
437 438 1
153 2 14.6353
439 234 1
36 8 17.1227
393 440 1
230 3 14.1217
102 441 1
169 2 10.255
145 291 1
68 2 10.9639
442 443 1
169 1 10.3518
444 128 1
172 5 12.4288
445 446 1
42 2 15.395
447 118 1
21 1 10.3518
172 448 1
21 2 11.5799
172 366 1
21 2 12.8151
449 450 1
129 6 11.5879
451 452 1
23 1 9.25316
453 454 1
140 3 13.4195
455 456 1
140 3 14.3512
225 457 13
54 6 16.1643
164 7 16.7394
103 10 17.8848
117 15 18.8902
110 19 19.3481
39 11 18.1483
25 7 16.7394
87 12 18.3738
63 8 17.1984
215 11 18.1483
214 12 18.3738
83 11 18.1483
100 7 16.7394
458 459 1
38 3 13.9185
460 197 1
202 1 9.84098
304 213 1
192 1 10.3518
131 346 5
70 3 12.0318
231 3 12.0318
81 3 12.0318
59 2 10.0779
182 14 17.3035
87 461 1
138 2 11.5799
462 463 1
45 1 10.3518
421 464 2
27 4 15.309
182 6 17.15
318 174 2
89 3 12.8637
68 2 10.7747
336 465 1
96 3 14.6148
97 466 1
177 2 14.1349
59 413 1
122 2 12.8151
11 467 1
77 5 20.6803
277 131 1
75 2 10.9143
260 17 1
14 2 10.9143
468 469 1
88 2 11.7409
470 17 1
82 2 14.6353
471 121 1
149 7 14.4397
100 472 1
211 2 12.3655
473 283 1
164 1 10.3518
321 474 1
129 2 12.8151
264 228 1
12 5 14.5355
51 260 1
95 2 11.4347
97 475 1
95 4 13.0813
476 477 1
140 1 10.3518
478 72 1
156 2 14.6353
204 479 4
11 2 12.3655
230 2 12.3655
120 2 12.3655
40 2 12.3655
27 480 1
209 1 10.3518
481 482 1
170 4 12.2666
483 309 1
186 1 9.50449
127 484 1
80 2 13.2142
485 18 1
194 2 13.0013
186 277 1
202 7 9.8838
486 177 1
32 3 14.9245
273 487 1
88 2 12.0207
335 488 1
123 3 15.1022
172 435 1
161 3 11.9036
489 490 1
42 1 10.3518
447 317 1
21 2 13.7611
468 491 1
132 2 12.5008
13 165 1
93 2 12.2415
492 349 2
227 2 9.87038
125 3 11.784
97 493 2
172 4 11.9861
167 4 11.9861
131 494 1
111 1 10.3518
395 317 5
176 2 11.0153
119 2 11.0153
185 2 11.0153
19 3 13.1509
33 2 11.0153
215 495 1
0 3 12.0318
496 497 1
75 2 10.3859
91 498 1
115 2 10.3859
319 40 2
76 8 15.2328
20 6 14.3169
41 429 1
0 3 12.0653
499 500 1
58 3 14.9245
501 48 1
113 2 10.319
156 44 1
2 1 10.3518
30 502 1
90 1 9.84098
503 504 1
2 1 10.3518
256 134 1
130 1 9.50449
100 304 1
47 8 13.2
374 505 1
2 2 10.3859
506 507 1
2 2 10.5677
493 100 2
167 2 11.5799
2 2 11.5799
65 175 1
2 2 13.7611
300 508 1
31 1 9.50449
509 264 1
211 1 10.3518
31 45 2
123 3 13.2801
55 4 14.7057
227 510 1
0 3 16.8753
511 497 1
163 2 15.395
502 512 1
81 3 11.9988
513 514 1
25 2 13.2142
515 177 1
19 4 19.3484
516 177 1
19 4 20.3528
272 384 1
208 2 14.1349
517 518 1
35 5 16.2578
519 520 1
80 1 10.3518
521 522 1
80 2 13.2142
523 165 5
157 2 10.6884
174 16 18.6301
151 2 10.6884
124 5 15.1032
80 4 14.1305
228 524 2
12 2 14.6353
29 1 9.84098
428 171 1
167 2 11.8285
525 237 1
201 2 13.7611
22 526 2
191 9 12.3616
67 5 10.8487
527 272 1
211 1 10.3518
528 177 2
221 14 10.9403
28 12 10.7267
117 529 1
170 1 10.3518
115 2 1
109 4 13.8232
355 336 1
131 2 10.9639
530 95 1
208 3 12.3196
531 529 1
228 2 10.456
31 108 1
90 3 13.6516
532 533 1
102 2 12.8151
476 100 1
188 3 12.6165
534 535 1
134 2 15.395
494 22 1
123 2 12.3655
536 478 1
44 2 13.0013
537 538 1
121 1 10.3518
381 234 1
102 2 10.1638
71 539 4
166 14 11.0311
89 15 11.1197
68 14 11.0311
135 7 9.85362
292 540 1
83 1 10.3518
137 183 1
226 2 11.3023
541 542 1
58 1 10.3518
543 452 1
31 1 9.84098
136 544 1
95 3 11.5412
31 272 1
97 3 12.3591
218 278 1
42 5 9.78793
331 37 1
10 3 12.9731
474 545 1
10 3 9.89771
346 22 1
59 3 14.1217
95 546 1
16 2 15.395
547 48 1
17 2 11.367
432 461 2
119 3 17.4728
185 3 17.4728
13 548 2
175 1 9.25316
213 1 9.25316
27 549 1
132 3 12.7113
550 551 1
163 5 15.7989
271 177 1
211 3 11.1981
552 553 1
211 2 11.367
165 439 2
175 3 9.64528
213 3 9.64528
554 555 2
175 1 9.84098
213 1 9.84098
506 139 2
175 2 10.6884
213 2 10.6884
556 557 1
184 1 8.88539
558 160 2
175 2 14.6353
213 2 14.6353
15 532 1
216 1 8.40573
318 22 2
175 3 14.9245
213 3 14.9245
464 175 2
114 5 11.4471
182 7 12.4246
157 71 1
68 2 12.5008
559 350 1
21 1 10.3518
560 561 1
201 2 11.7409
118 562 1
93 2 12.6497
257 2 3
189 3 10.0117
78 3 10.0117
4 4 11.0864
526 172 1
88 2 11.5055
563 564 1
208 5 15.1032
38 346 1
190 2 11.1235
565 566 1
111 2 10.9639
567 568 1
118 4 12.1015
167 569 1
115 2 10.7309
386 570 1
86 1 9.50449
394 518 2
81 3 15.7761
182 4 17.4696
571 177 1
32 5 15.4925
66 572 1
229 7 9.97282
441 573 2
0 2 12.5008
74 2 12.5008
77 77 1
131 3 10.6477
574 575 1
36 3 13.5708
576 176 1
43 8 14.199
32 223 1
116 1 10.3518
321 272 1
92 2 14.6353
577 578 1
116 1 10.3518
135 579 1
116 1 10.3518
237 580 1
116 1 10.3518
418 581 1
116 1 10.3518
582 375 1
116 1 10.3518
583 106 1
116 1 10.3518
584 585 1
116 3 15.522
581 584 2
116 4 18.1926
44 5 19.445
462 17 1
195 3 10.9828
286 586 1
81 2 13.2142
333 587 1
80 1 10.3518
77 424 2
31 2 9.84636
162 3 11.7554
569 588 1
180 2 15.395
217 563 1
121 2 11.5055
91 589 3
35 6 15.0968
37 4 13.4763
59 2 10.1936
590 591 1
108 3 12.281
161 592 1
180 3 17.4728
45 593 1
75 1 10.3518
420 18 1
67 2 10.2867
332 594 1
47 8 15.9697
5 595 2
150 2 9.91961
70 3 11.8428
131 227 2
38 2 10.9639
222 2 10.9639
306 97 1
10 2 10.7309
131 488 2
133 2 10.8198
190 3 12.9175
596 597 1
108 1 10.3518
276 214 1
34 2 9.43284
598 599 1
152 3 15.2997
585 20 1
130 4 10.7001
600 601 1
45 1 10.3518
125 602 1
129 3 13.3485
603 604 2
117 3 14.4781
25 3 14.4781
605 111 1
143 2 11.367
376 500 1
203 1 10.3518
157 319 1
37 7 13.4015
2 186 1
176 1 9.05246
606 117 1
205 3 17.4728
607 608 1
146 1 9.05246
609 610 1
6 3 13.0304
273 297 1
56 6 15.4855
611 261 2
76 3 13.5708
72 2 11.367
258 381 1
197 4 10.4272
429 612 1
118 2 13.2142
61 613 1
124 2 13.0013
441 71 1
147 2 9.77654
614 63 1
115 2 11.367
615 110 1
49 1 10.3518
116 541 1
132 1 10.3518
238 616 1
147 6 11.6154
617 618 4
18 3 11.157
30 6 13.8403
227 2 9.34518
57 5 13.2051
619 620 1
132 1 10.3518
306 452 3
132 9 11.0721
203 5 9.71705
23 7 10.5468
621 22 1
56 2 13.0013
509 250 1
142 2 12.127
622 276 1
73 4 10.233
304 173 2
47 9 13.6509
159 4 11.2086
623 624 1
188 2 12.8151
433 237 1
22 3 14.4781
625 151 1
24 2 11.1235
239 131 1
194 5 11.6677
318 626 1
89 3 15.1022
572 48 1
229 7 10.7142
627 131 1
153 1 10.3518
628 629 1
53 1 10.3518
87 617 1
153 1 10.3518
59 526 1
153 1 10.3518
31 597 1
31 2 12.2415
211 597 1
153 1 10.3518
630 585 1
153 2 11.3023
564 174 1
181 2 13.4626
631 632 1
162 7 13.6784
539 423 1
135 2 10.0779
633 450 1
229 1 9.50449
473 131 1
63 5 15.5651
464 197 1
84 2 12.0207
270 599 1
179 3 13.1509
289 222 1
154 2 13.2142
634 2 1
173 3 15.1022
635 479 1
156 2 15.395
636 637 1
160 1 10.3518
336 608 1
140 2 11.0153
465 638 2
181 2 10.319
208 4 13.6421
639 165 1
124 6 15.2826
640 11 3
163 5 15.1032
156 9 17.2093
105 6 15.8297
641 608 1
140 1 10.3518
344 622 1
73 4 10.3768
642 303 1
83 2 13.2142
579 643 1
156 2 14.6353
644 645 2
168 4 16.5265
64 4 16.5265
630 646 1
161 1 10.3518
484 647 1
149 3 14.2328
648 21 1
115 1 10.3518
649 650 1
177 7 21.1055
617 456 1
19 9 19.9096
450 651 1
98 1 10.3518
652 653 1
212 1 10.3518
150 654 3
164 3 11.9988
103 4 13.2868
100 6 14.8846
100 488 1
150 2 9.97052
157 655 1
169 1 10.3518
250 422 1
72 4 10.4615
30 288 1
69 2 11.4347
180 237 1
49 1 10.3518
22 656 1
187 21 14.8858
657 244 1
73 1 10.3518
173 658 1
85 1 10.3518
478 659 1
115 1 10.3518
288 22 1
209 4 14.4291
413 296 1
109 5 20.6803
204 395 3
231 2 12.0207
81 3 14.3512
182 8 18.9417
205 639 2
231 4 12.2666
138 4 12.2666
660 11 1
131 2 11.0153
209 661 1
79 2 11.4347
238 610 1
197 4 16.7233
203 662 1
85 1 10.3518
663 248 4
94 5 16.9857
157 3 14.3512
174 2 12.0207
139 7 18.4362
528 77 1
222 2 12.8151
63 77 1
88 2 9.99665
156 63 1
88 2 13.2142
101 664 1
62 1 10.3518
156 51 1
88 2 14.1349
665 666 1
62 2 10.1346
667 668 1
32 2 14.6353
669 670 1
196 1 10.3518
454 250 1
140 2 13.7611
671 336 1
163 2 13.4626
262 94 2
160 3 10.3526
51 4 11.4639
464 469 13
48 6 14.4458
171 5 13.7828
27 6 14.4458
128 3 11.6451
28 4 12.8951
81 7 14.9598
1 9 15.7048
145 7 14.9598
88 3 11.6451
165 3 11.6451
66 5 13.7828
182 5 13.7828
144 5 13.7828
394 317 1
48 2 12.2415
557 656 1
47 2 13.7611
41 479 1
0 3 12.2062
425 59 1
61 2 11.2403
175 63 4
48 2 12.5008
27 2 12.5008
81 2 12.5008
182 3 14.9245
204 137 1
48 2 12.8151
672 459 1
168 2 12.6497
673 674 1
54 2 12.5008
2 266 1
93 2 13.0013
675 676 2
97 7 13.6982
187 4 11.8076
349 677 1
15 2 10.8663
208 678 1
206 3 10.5152
679 546 1
168 2 13.0013
146 332 1
124 3 15.1022
680 307 1
225 1 10.3518
681 177 1
45 1 10.3518
213 542 1
166 2 10.4205
517 84 1
225 2 11.5799
262 682 3
155 7 12.4938
160 6 12.0646
130 4 10.7695
683 684 1
45 1 10.3518
12 266 1
118 6 11.8906
685 686 1
128 1 10.3518
687 688 1
229 8 11.4337
585 689 3
166 4 10.6142
210 5 11.3449
68 4 10.6142
449 690 1
151 2 11.5055
691 692 1
10 1 10.3518
203 441 1
138 2 13.7611
693 459 1
38 3 16.0727
694 133 1
101 2 11.7409
695 18 1
225 1 10.3518
696 17 1
137 3 15.7761
157 238 1
166 2 11.3023
203 292 1
145 1 9.84098
54 697 1
121 1 10.3518
698 699 1
121 1 10.3518
613 282 1
121 1 10.3518
700 2 1
121 1 10.3518
232 701 1
121 1 10.3518
453 270 1
121 1 10.3518
702 703 1
123 2 13.7611
704 2 1
121 1 10.3518
131 395 10
38 5 13.6899
179 6 14.3484
115 3 11.5666
36 7 14.859
158 4 12.8082
41 4 12.8082
81 4 12.8082
1 6 14.3484
145 2 9.68826
88 2 9.68826
462 705 1
28 1 10.3518
286 706 1
52 2 11.8285
2 41 1
52 2 14.1349
707 89 2
136 2 10.9639
93 5 15.4925
708 709 2
101 2 12.0207
124 3 14.3512
542 89 1
26 2 10.9639
585 248 2
139 2 10.5677
151 2 10.5677
166 252 7
150 3 14.0172
99 3 14.0172
35 3 14.0172
70 2 11.7409
76 6 17.3884
158 2 11.7409
182 2 11.7409
710 711 1
164 1 10.3518
712 68 1
36 2 11.7409
257 689 2
166 6 13.694
89 6 13.694
62 713 1
48 6 10.4423
714 177 2
173 7 14.5808
122 3 11.3501
715 301 1
220 1 10.3518
77 682 1
37 5 13.1812
716 717 1
197 2 12.3655
384 546 1
186 1 9.84098
718 529 1
5 1 10.3518
584 635 1
156 2 14.6353
69 456 4
35 4 13.5164
231 7 15.6806
59 2 10.224
182 4 13.5164
131 719 5
48 3 11.5924
171 4 12.8367
179 3 11.5924
221 2 9.70985
222 2 9.70985
720 721 1
156 2 15.395
429 635 1
156 2 15.395
131 166 11
46 3 11.6185
99 6 14.4128
35 7 14.9257
70 3 11.6185
222 2 9.73175
219 4 12.8657
158 3 11.6185
41 6 14.4128
145 2 9.73175
66 3 11.6185
144 3 11.6185
458 93 1
0 4 12.8657
722 723 1
222 1 9.84098
13 724 1
146 1 9.25316
116 725 1
19 2 13.4626
452 70 1
56 4 11.7241
456 542 1
222 2 10.8663
2 656 1
108 2 14.1349
433 412 1
112 1 10.3518
443 445 1
222 3 11.5666
611 632 1
135 2 10.6884
51 126 1
57 3 13.2801
726 407 1
83 2 12.6497
727 177 3
42 4 9.60953
202 5 10.2711
192 5 10.2711
537 728 1
199 2 10.7309
729 730 1
53 1 10.3518
731 732 1
75 1 10.3518
197 632 1
135 5 11.7266
288 733 1
154 2 9.87038
91 713 3
46 4 12.9552
104 3 11.6993
85 5 13.8471
734 325 1
2 2 14.1349
218 184 1
64 2 11.367
62 346 1
8 2 11.0153
735 465 1
23 1 9.50449
2 40 4
6 6 17.0398
118 2 11.5055
153 2 11.5055
57 3 13.7362
237 736 3
17 4 15.5219
65 6 17.3884
141 4 15.5219
450 737 2
76 8 17.2765
20 6 16.2377
178 421 1
73 4 11.6128
51 696 1
10 2 10.7747
668 177 1
32 3 16.4291
350 108 1
180 2 14.6353
552 321 1
64 3 16.8753
97 738 1
196 4 10.4876
645 207 1
64 4 19.3484
739 132 1
203 2 9.99665
613 174 3
22 6 15.3817
224 4 13.7305
44 4 13.7305
2 174 1
180 2 12.6497
740 741 1
95 3 12.0318
309 385 1
10 1 10.3518
413 725 1
71 1 10.3518
742 449 1
189 1 10.3518
743 390 1
184 1 9.50449
744 220 1
71 2 10.7309
745 177 1
41 4 10.8732
419 746 3
191 4 11.7571
230 6 13.1709
67 3 10.6174
622 747 1
163 3 16.0727
748 202 1
72 1 10.3518
415 398 1
138 2 10.4923
749 716 1
197 2 12.2415
70 559 1
90 2 9.82272
199 59 1
148 9 13.2165
750 532 1
75 5 12.8313
751 695 1
35 4 12.3773
57 752 1
45 1 10.3518
600 753 1
45 1 10.3518
445 77 1
30 3 12.0653
754 364 1
128 1 10.3518
755 317 1
35 2 13.7611
520 756 1
45 1 10.3518
757 177 1
45 1 10.3518
758 759 1
177 4 18.6868
308 565 1
45 1 10.3518
760 389 1
131 3 11.1168
761 242 1
3 1 10.3518
473 478 1
164 2 9.84636
53 762 1
228 14 15.5427
405 763 1
133 1 9.25316
764 765 1
62 1 10.3518
268 22 1
42 1 9.84098
766 767 1
80 1 10.3518
127 419 1
105 2 12.3655
260 77 11
14 5 11.1
95 16 13.6921
198 14 13.4876
191 8 12.3782
190 8 12.3782
82 5 11.1
194 7 12.0479
131 6 11.634
67 5 11.1
195 11 13.0619
225 7 12.0479
18 575 21
14 13 13.2292
95 26 14.1301
11 5 10.9875
133 5 10.9875
198 15 13.458
138 14 13.3508
191 23 14.0057
36 10 12.7418
230 20 13.8472
190 21 13.9047
162 8 12.2527
92 25 14.0917
82 18 13.715
194 22 13.9573
131 15 13.458
67 14 13.3508
170 4 10.2798
195 20 13.8472
205 12 13.0901
40 18 13.715
225 11 12.9294
68 38 16
14 4 13.5993
11 3 12.281
133 3 12.281
198 4 13.5993
191 5 14.5355
230 9 16.5625
190 6 15.2347
162 3 12.281
92 6 15.2347
131 6 15.2347
67 4 13.5993
120 2 10.2867
170 2 10.2867
195 3 12.281
205 7 15.7767
40 6 15.2347
218 240 3
64 4 13.8232
29 2 10.456
159 5 14.7748
481 529 1
154 4 9.79237
530 768 1
23 2 11.1235
147 769 1
106 2 11.8285
48 617 1
30 2 13.0013
770 771 3
168 4 12.2666
12 8 14.6208
29 3 11.0775
622 506 2
12 8 17.528
29 2 11.1235
611 772 6
110 3 14.3512
39 3 14.3512
32 3 14.3512
87 3 14.3512
215 3 14.3512
100 4 15.8917
433 435 2
29 2 11.367
8 5 16.0621
260 589 1
162 2 12.8151
228 744 1
29 2 11.6582
173 613 5
22 6 12.7481
105 4 11.3797
224 4 11.3797
49 5 12.163
44 4 11.3797
773 774 1
45 1 10.3518
180 639 1
114 1 9.84098
775 776 1
23 1 9.84098
746 517 1
159 2 10.8663
584 100 2
163 2 14.6353
105 3 17.4728
115 238 3
197 13 13.3648
193 8 12.3782
73 5 11.1
777 495 1
100 2 13.4626
170 144 1
228 2 10.5677
778 177 4
179 10 11.2902
221 11 11.4565
222 5 9.73572
28 13 11.7221
5 779 2
143 7 14.1328
126 4 12.1823
258 452 1
96 10 10.4067
328 244 1
163 3 16.8753
502 767 1
118 4 11.2086
554 617 1
57 1 10.3518
70 62 1
7 2 10.2867
780 781 1
43 1 10.3518
119 782 1
7 1 10.3518
483 17 1
28 2 10.456
147 783 1
7 1 10.3518
307 784 1
7 1 10.3518
785 525 1
7 1 10.3518
364 321 1
79 1 10.3518
786 288 1
7 2 10.9639
787 69 1
190 2 11.5055
788 336 1
179 2 10.7747
613 48 1
8 2 11.9215
103 789 1
117 2 15.395
790 672 1
168 4 16.5265
456 317 1
231 2 13.2142
159 336 1
187 2 11.7409
141 465 1
187 5 11.888
791 275 1
187 2 12.5008
656 3 1
187 3 13.7362
792 367 1
183 4 12.8367
229 542 1
128 1 10.3518
438 793 1
153 2 14.6353
166 794 1
128 1 10.3518
795 498 1
128 1 10.3518
88 346 1
128 2 11.3023
164 796 1
194 2 11.4347
797 502 1
125 2 13.0013
166 230 1
128 2 13.4626
100 123 1
69 2 11.4347
798 488 1
140 1 10.3518
295 237 6
177 16 18.1632
3 4 13.7763
17 3 12.4409
149 8 16.4203
22 8 16.4203
218 5 14.7247
237 585 1
177 5 15.0448
239 144 1
92 2 12.127
502 135 1
214 3 12.7607
799 800 1
69 2 13.7611
120 746 1
90 1 9.84098
469 552 1
64 2 11.3023
801 22 1
55 1 10.3518
574 802 1
123 2 10.7747
434 11 1
30 2 11.5799
744 803 1
30 2 12.2415
114 551 3
30 2 12.3655
21 2 12.3655
148 3 14.7629
804 2 1
30 2 14.1349
498 59 1
30 3 14.2328
805 806 1
30 2 15.395
369 595 1
89 2 11.2403
13 500 1
193 1 10.3518
588 617 1
19 24 15.5725
186 807 1
189 3 10.0441
288 808 1
196 3 10.4593
7 420 1
73 3 11.039
545 97 1
95 3 12.0995
27 494 1
193 2 11.1235
500 809 1
10 1 9.84098
575 260 12
14 2 10.4923
95 5 14.8261
198 8 16.5333
230 3 12.5265
190 2 10.4923
162 3 12.5265
194 3 12.5265
131 3 12.5265
67 3 12.5265
195 6 15.5392
205 4 13.8712
225 5 14.8261
330 401 2
181 1 9.84098
208 2 14.6353
547 239 2
156 5 19.0233
149 5 19.0233
810 262 1
58 1 10.3518
811 617 1
57 1 10.3518
812 617 1
57 1 10.3518
269 611 1
142 2 13.2142
523 675 1
101 1 10.3518
813 327 1
122 2 13.7611
162 810 1
5 1 10.3518
482 306 1
23 2 9.79946
436 300 1
92 2 15.395
814 815 1
220 3 10.3397
816 310 1
50 1 9.84098
257 817 1
160 2 10.9639
116 818 5
228 11 14.7052
187 12 14.8879
181 5 12.4965
107 3 10.5583
60 15 15.3064
819 499 1
74 6 11.5427
452 22 2
26 3 12.3995
90 5 14.6758
820 637 1
220 2 10.319
552 48 14
79 19 11.9883
53 13 11.5056
186 11 11.2449
168 23 12.1809
112 28 12.3492
16 4 8.94044
64 11 11.2449
127 18 11.9281
29 20 12.0431
134 9 10.8885
211 17 11.8615
8 16 11.7874
62 17 11.8615
159 11 11.2449
133 34 1
80 5 10.8806
821 822 1
17 1 10.3518
823 443 1
219 1 10.3518
51 675 1
228 1 10.3518
824 518 1
128 1 10.3518
164 48 1
218 2 12.127
244 236 1
94 2 13.2142
648 566 1
111 2 10.9639
746 660 1
198 1 10.3518
8 825 1
15 1 9.50449
562 2 4
52 2 10.9143
69 2 10.9143
93 7 16.7394
226 5 15.4224
535 177 1
134 5 10.756
826 449 1
123 2 10.9143
9 257 1
134 2 11.9215
11 827 1
77 2 13.7611
828 829 1
116 1 10.3518
830 452 1
126 2 11.8285
831 11 1
42 1 10.3518
832 803 1
227 1 9.50449
402 506 1
62 1 10.3518
833 625 1
15 1 9.25316
834 479 1
15 1 9.50449
835 836 1
15 1 9.50449
334 837 1
15 1 10.3518
838 839 1
101 2 12.3655
840 581 1
201 2 13.4626
841 186 1
63 2 13.7611
842 141 1
77 2 13.4626
734 228 1
12 3 16.0727
778 204 2
27 6 13.6473
28 9 14.8367
71 11 1
77 6 13.0618
843 844 1
9 1 9.84098
734 131 4
133 2 9.39715
76 4 12.4234
111 2 9.39715
82 3 11.2191
157 845 1
54 2 11.0684
48 126 1
148 5 13.2051
846 608 1
101 1 10.3518
847 412 2
99 2 12.127
27 2 12.127
574 204 1
219 2 12.3655
473 848 1
63 2 14.6353
141 126 1
226 2 12.127
116 44 1
160 4 13.1814
551 242 1
3 7 15.5883
750 499 1
216 1 9.84098
172 737 1
226 2 12.5008
849 41 4
196 5 11.145
78 5 11.145
4 6 11.6811
152 16 13.7476
788 77 1
18 2 10.1638
385 850 1
186 1 9.25316
31 585 6
56 4 10.1353
175 3 9.15277
213 3 9.15277
73 4 10.1353
13 5 10.833
209 5 10.833
204 100 3
179 5 13.3807
1 10 15.5171
145 4 12.5189
2 336 1
226 3 15.2997
727 851 3
42 4 11.4496
202 5 12.2378
192 5 12.2378
178 12 1
97 2 12.0207
316 131 1
88 2 10.5295
476 306 2
140 4 10.7001
10 4 10.7001
457 193 1
102 1 10.3518
563 819 1
74 2 13.2142
265 700 1
120 1 10.3518
252 789 1
158 3 10.6174
204 741 1
27 3 13.4195
118 852 1
74 2 13.7611
630 77 2
91 3 15.2997
74 3 15.2997
853 411 1
196 1 10.3518
854 855 1
87 3 16.8753
731 632 3
200 3 11.672
192 3 11.672
172 3 11.672
856 570 1
28 3 16.4291
166 332 1
115 4 12.2452
857 61 1
157 1 10.3518
257 160 2
119 3 11.2402
185 3 11.2402
157 278 1
214 2 11.9215
858 502 1
167 3 9.76239
813 180 1
97 2 11.5055
502 214 1
85 2 10.255
859 602 1
146 1 9.84098
5 808 1
159 3 11.6993
63 464 3
114 2 11.1235
231 11 18.4961
158 3 13.2801
508 159 1
143 5 10.6454
249 121 1
170 1 10.3518
203 131 1
38 2 12.0207
180 860 1
44 2 11.9215
523 145 4
94 2 11.9215
157 4 15.7606
139 14 20.4689
124 3 14.2328
861 172 1
220 1 9.84098
862 552 1
3 1 10.3518
69 788 1
190 4 11.7241
146 863 1
101 2 12.6497
227 116 1
145 2 9.87038
8 864 1
220 1 9.84098
865 599 1
160 2 10.6471
42 617 1
153 1 10.3518
334 114 1
16 1 8.31474
31 517 1
55 2 13.4626
866 867 1
197 1 9.84098
102 688 1
197 1 9.84098
3 868 1
197 1 10.3518
31 174 1
197 2 13.2142
869 570 1
203 1 9.84098
870 102 1
60 3 12.2062
349 101 2
108 3 11.0775
33 2 9.27857
420 675 1
187 2 14.6353
871 590 1
108 3 12.2432
763 288 1
204 3 12.1699
288 872 1
119 1 10.3518
554 873 1
96 3 9.7531
818 102 1
52 2 12.2415
521 377 1
228 2 9.84636
87 656 1
129 2 10.4205
131 741 2
188 5 11.7028
70 6 12.2657
144 96 1
78 1 9.84098
874 127 1
50 1 10.3518
374 875 1
45 1 10.3518
11 413 1
228 2 9.87038
275 2 1
121 1 9.50449
159 37 1
50 3 11.0775
876 877 1
80 1 10.3518
42 37 1
50 3 11.8729
237 878 1
218 3 16.4291
126 879 3
148 8 12.7536
226 6 11.9868
45 4 10.7001
737 319 2
76 8 16.6521
20 6 15.6509
116 22 2
155 5 12.3794
146 3 10.4593
260 487 1
138 2 11.0684
570 59 2
93 7 11.6419
122 14 13.033
880 716 1
60 7 13.5824
103 585 5
54 3 14.3512
164 2 12.0207
117 3 14.3512
214 3 14.3512
83 4 15.8917
21 610 1
47 6 18.1298
139 881 1
71 2 11.8285
882 395 9
35 8 14.0535
219 9 14.3597
158 3 10.6477
81 6 13.2085
104 7 13.6784
37 7 13.6784
59 3 10.6477
182 8 14.0535
85 11 14.8297
71 827 1
77 2 13.7611
762 332 1
228 16 15.613
883 884 1
54 2 12.127
70 269 1
140 3 12.0653
539 885 1
89 5 13.329
798 886 1
71 1 10.3518
91 887 1
221 1 9.84098
888 889 1
221 1 9.84098
521 556 1
221 1 9.84098
890 309 1
121 6 10.0797
521 640 1
221 1 10.3518
547 891 1
221 1 10.3518
764 13 1
221 1 10.3518
262 892 1
61 3 10.5583
244 893 1
101 2 13.4626
585 467 1
65 4 15.7606
166 894 1
76 2 15.395
178 424 1
79 1 10.3518
166 173 1
85 3 10.8242
206 632 1
192 6 13.386
270 450 1
29 2 12.2415
441 895 1
211 1 10.3518
896 567 1
120 1 9.84098
473 897 2
39 2 13.7611
215 2 13.7611
244 364 1
136 2 13.0013
789 44 2
155 7 12.2814
130 3 9.56013
131 898 1
11 2 14.6353
771 618 1
5 1 9.84098
262 899 1
61 2 10.4923
204 238 2
92 2 12.2415
40 2 12.2415
88 395 1
150 3 12.9731
563 53 1
228 2 10.1936
900 132 2
38 2 10.8663
76 4 14.3657
901 893 1
59 1 10.3518
135 186 1
49 1 10.3518
91 689 7
216 4 16.3476
183 3 14.7629
113 4 16.3476
24 2 12.3655
192 3 14.7629
169 2 12.3655
167 5 17.473
168 177 1
104 2 11.2403
902 478 1
16 1 10.3518
903 367 1
183 5 14.0888
433 240 2
168 4 15.8917
29 4 15.8917
276 403 1
61 1 10.3518
851 217 1
24 1 9.84098
822 126 2
175 1 9.84098
213 1 9.84098
95 904 1
73 1 10.3518
658 599 1
198 2 11.5799
584 135 1
49 6 20.3804
31 905 3
203 4 15.4126
50 2 11.6582
55 2 11.6582
906 2 1
86 2 10.1346
2 64 2
119 2 11.0684
185 2 11.0684
907 589 1
44 2 11.7409
91 106 1
1 7 14.8263
450 131 1
48 2 11.8285
863 468 1
151 3 14.4781
68 500 1
146 1 9.84098
349 120 1
153 2 15.395
607 574 1
222 2 10.8198
434 908 1
225 1 10.3518
713 572 1
84 2 13.0013
27 909 1
214 2 10.6471
308 44 1
160 2 11.2403
59 901 1
109 2 11.1808
497 165 1
178 2 11.1235
910 911 2
78 4 12.224
199 4 12.224
203 435 1
179 2 11.367
50 210 1
83 3 13.7362
682 91 1
37 5 14.0888
912 177 1
201 5 13.7514
412 913 1
217 2 9.21481
441 914 1
15 1 9.84098
13 300 2
51 2 10.1346
50 3 12.0995
321 749 1
129 1 10.3518
125 259 1
129 1 10.3518
421 915 1
129 1 10.3518
916 656 1
129 1 10.3518
917 918 1
129 1 10.3518
919 247 1
129 1 10.3518
919 879 1
129 1 10.3518
920 677 1
129 1 10.3518
350 177 3
21 5 10.6169
108 6 11.1276
57 8 11.8395
251 921 1
62 1 9.84098
159 97 1
29 2 11.5055
248 922 1
139 2 13.7611
905 551 1
62 2 11.8285
615 225 1
25 1 10.3518
17 923 1
35 6 14.0798
381 50 1
83 2 13.0013
45 924 1
151 2 13.4626
332 275 5
228 10 14.8108
187 11 15.029
181 5 12.7717
107 3 10.7907
60 14 15.5188
884 250 1
201 5 19.9732
159 473 1
83 1 10.3518
726 925 2
25 2 10.3521
83 2 10.3521
450 349 1
129 2 11.367
254 926 1
78 1 10.3518
927 659 1
151 1 10.3518
408 177 2
155 5 12.4455
132 4 11.6439
928 77 1
151 2 10.5295
735 542 1
198 1 10.3518
929 863 1
151 3 18.3798
930 931 1
101 3 12.0318
932 646 1
28 2 12.8151
166 933 1
150 1 10.3518
289 934 1
150 1 10.3518
523 935 1
166 2 11.3023
367 574 1
147 2 9.87038
936 425 1
31 7 9.48331
559 37 1
228 2 10.8198
755 177 3
35 3 14.2328
37 4 15.7606
182 2 11.9215
425 913 2
217 2 11.9215
51 2 11.9215
616 532 3
147 4 13.6858
169 2 10.3521
167 2 10.3521
289 937 1
139 2 10.7309
173 938 1
203 2 10.6884
405 662 1
67 1 10.3518
603 939 1
19 2 14.1349
11 105 1
77 3 13.7362
23 940 1
146 6 11.0118
532 42 1
140 3 13.9185
5 941 1
206 2 9.58479
421 63 1
231 6 15.8297
212 262 1
61 2 10.1638
942 129 1
201 2 12.6497
943 814 1
220 3 10.3526
943 186 1
10 4 9.85511
801 944 1
26 1 10.3518
361 945 1
15 1 10.3518
946 947 1
26 1 10.3518
948 432 1
26 1 10.3518
732 923 1
202 2 9.29495
218 465 1
26 3 11.4431
949 177 2
106 5 12.1051
124 5 12.1051
713 37 1
26 2 11.5055
950 615 1
206 1 10.3518
313 715 1
26 3 13.9185
882 627 1
220 1 10.3518
2 588 1
86 1 10.3518
166 585 2
111 2 9.77654
72 2 9.77654
596 483 1
224 2 13.2142
554 144 1
19 6 18.7344
439 332 2
175 3 9.6022
213 3 9.6022
172 253 1
125 3 12.8637
66 951 1
171 3 14.9245
952 383 1
15 2 12.2415
608 953 1
29 1 10.3518
389 954 1
113 4 10.21
646 530 1
20 2 13.0013
52 306 1
96 3 11.3275
859 395 1
41 1 10.3518
204 435 1
1 3 13.6516
360 955 2
39 2 13.7611
215 2 13.7611
804 262 1
61 3 10.1799
149 912 1
201 5 17.8746
41 76 1
141 1 10.3518
2 435 3
18 2 10.3521
69 2 10.3521
93 6 15.3316
884 63 1
14 1 10.3518
38 51 1
14 2 11.367
505 48 1
14 3 11.4431
51 436 1
14 2 11.5055
128 250 1
14 3 11.5412
202 956 1
192 1 10.3518
585 942 1
201 2 11.1235
355 796 1
95 2 15.395
706 661 1
52 13 14.1336
695 719 1
35 3 17.4728
80 460 1
167 2 9.91961
131 957 1
95 3 11.9348
600 958 1
204 2 13.2142
453 146 1
112 1 10.3518
462 959 1
193 2 10.1346
960 429 1
72 2 14.1349
288 77 3
193 3 11.157
69 3 11.157
226 4 12.3546
630 217 3
176 5 18.6722
161 2 13.2142
180 9 21.276
961 424 1
193 2 11.9215
351 868 1
193 2 12.2415
818 962 1
10 1 9.84098
97 17 3
95 3 11.6451
190 8 15.3699
194 5 13.7828
963 63 1
115 3 13.9185
964 965 1
58 2 10.6471
71 413 1
224 3 10.487
405 966 1
41 1 10.3518
115 48 1
140 2 10.6068
741 350 1
21 1 10.3518
388 570 1
90 2 10.1346
967 893 1
101 2 14.1349
257 968 1
32 2 13.7611
963 20 2
56 2 11.2403
107 2 11.2403
969 574 1
158 6 10.5089
970 559 1
90 1 10.3518
971 7 1
79 1 10.3518
971 522 1
211 2 10.7747
498 391 1
192 2 13.7611
395 131 19
46 7 11.1613
150 10 11.925
99 13 12.3812
188 9 11.7171
70 16 12.6845
114 7 11.1613
38 8 11.4673
179 6 10.7778
36 9 11.7171
219 11 12.1006
158 10 11.925
41 12 12.251
81 14 12.495
104 9 11.7171
1 10 11.925
145 4 9.62084
59 6 10.7778
182 18 12.8358
85 12 12.251
657 31 1
107 1 10.3518
972 973 1
53 2 14.1349
429 184 1
172 1 9.84098
454 37 1
96 3 9.94863
482 617 2
18 2 12.5008
227 2 12.5008
291 974 1
84 4 12.5684
624 565 1
111 2 12.0207
203 586 1
205 2 13.7611
613 975 1
105 2 12.5008
976 92 1
214 1 10.3518
977 978 1
7 1 10.3518
499 317 1
74 3 14.2328
325 317 1
129 3 12.3591
630 121 1
33 1 10.3518
42 502 1
26 2 10.3859
878 230 1
141 1 10.3518
21 212 1
47 3 15.1022
327 740 1
138 2 10.8663
979 497 1
184 1 9.50449
797 639 1
35 3 13.0304
434 41 1
122 3 12.8637
801 980 1
2 1 10.3518
517 248 1
174 2 13.0013
661 327 1
122 2 12.0207
172 981 1
122 2 12.5008
982 636 1
11 1 10.3518
879 714 1
122 2 13.7611
892 307 1
122 2 14.1349
175 482 1
11 2 11.1235
983 771 1
138 1 10.3518
984 592 1
54 2 15.395
760 985 1
4 1 9.84098
986 987 1
11 2 12.127
886 988 1
11 3 14.9245
106 37 1
135 2 10.255
719 778 1
179 5 16.9857
989 990 1
222 1 10.3518
407 50 1
110 4 16.7233
991 464 1
231 6 14.225
91 518 2
115 2 11.3023
219 2 11.3023
329 992 1
10 1 10.3518
376 475 1
58 2 11.4347
199 993 1
120 1 10.3518
994 165 1
126 1 10.3518
412 328 1
60 2 12.127
392 995 1
117 7 14.2811
213 996 1
214 2 11.5799
389 997 1
183 1 10.3518
277 184 1
166 2 12.2415
537 689 1
183 1 10.3518
998 41 1
153 3 12.9175
98 126 1
69 1 10.3518
41 999 1
69 1 10.3518
2 297 2
69 2 10.3521
0 3 12.3591
581 1000 1
201 8 18.6388
165 1001 2
52 2 11.5799
69 2 11.5799
1002 408 2
155 5 12.5312
132 4 11.7241
1003 473 3
103 3 12.6165
32 5 14.9326
63 7 16.2077
131 469 2
67 2 10.5295
225 2 10.5295
202 436 1
191 2 15.395
361 284 1
183 1 10.3518
197 719 2
99 2 11.5799
59 2 11.5799
562 435 1
74 2 12.8151
10 237 1
218 2 12.5008
347 22 1
203 1 9.84098
770 456 1
16 2 12.0207
1004 159 2
117 4 17.4696
214 2 13.2142
887 719 1
221 1 10.3518
521 517 1
35 4 13.9204
827 433 1
77 5 12.7522
1005 1006 1
152 3 14.2328
147 41 1
179 2 11.7409
1007 217 2
119 3 11.2402
185 3 11.2402
531 483 1
141 1 10.3518
838 269 1
101 1 10.3518
184 258 2
210 12 9.54707
169 24 10.2474
12 184 1
123 2 13.0013
70 341 1
118 2 14.1349
475 395 1
98 1 10.3518
1008 1009 1
23 1 10.3518
446 258 1
42 3 10.3656
1010 951 1
222 2 13.4626
133 1011 1
157 1 10.3518
278 1012 1
167 1 9.50449
1013 1014 1
157 1 10.3518
1015 857 1
157 2 15.395
662 548 1
85 1 10.3518
735 1016 1
85 1 10.3518
307 336 1
195 2 11.1808
626 77 1
89 9 10.8787
1017 903 1
183 1 10.3518
1018 975 1
204 2 13.2142
316 272 1
38 2 11.4347
914 783 1
5 1 9.84098
445 37 1
173 2 11.0684
1019 70 1
5 1 10.3518
791 648 1
5 1 10.3518
592 1020 1
54 2 15.395
718 177 1
5 1 10.3518
1018 469 1
56 1 10.3518
995 257 1
83 2 10.5677
491 857 1
148 2 14.1349
1021 434 1
127 1 10.3518
103 564 2
39 2 14.6353
215 2 14.6353
1022 108 1
167 1 10.3518
956 271 2
53 2 10.7309
211 2 10.7309
676 749 2
97 7 14.2058
187 4 12.2452
717 838 1
101 4 11.3121
1023 413 1
198 1 9.84098
848 331 1
174 8 11.8003
317 432 1
80 1 10.3518
676 439 1
40 2 14.1349
317 630 11
176 5 12.872
93 4 12.0429
119 5 12.872
161 6 13.4911
185 5 12.872
153 4 12.0429
91 4 12.0429
19 26 16.5536
74 31 16.7375
33 8 14.3542
180 11 15.147
158 1024 1
161 1 10.3518
12 253 1
26 2 10.224
728 1025 2
4 5 11.5001
152 15 14.086
266 1026 1
9 2 11.0153
892 1027 1
12 2 12.8151
68 48 1
146 3 12.0653
412 166 1
85 2 11.9215
450 1028 1
103 3 14.2328
656 321 1
129 5 13.5157
808 1029 1
159 3 11.3959
1030 1031 1
134 1 10.3518
131 63 2
46 5 12.2531
1 5 12.2531
257 827 1
65 4 15.4126
482 59 4
109 5 10.52
6 6 11.026
108 5 10.52
33 4 9.8424
1032 357 1
132 3 10.8411
497 1033 1
143 2 11.9215
574 500 1
178 3 11.9988
879 413 3
109 2 13.0013
226 2 13.0013
91 2 13.0013
136 63 1
231 2 11.7409
2 108 2
109 2 10.8198
227 3 12.9175
41 933 1
4 1 10.3518
794 132 2
70 3 12.0318
165 2 10.0779
15 319 1
202 2 9.54532
29 481 1
4 1 10.3518
291 1034 1
112 1 10.3518
794 2 2
4 3 11.4431
152 4 12.6714
29 922 1
4 2 11.9215
683 2 1
4 2 12.6497
355 224 1
58 2 11.4347
84 1035 1
202 2 12.6497
1035 144 1
58 2 13.4626
884 493 1
54 2 14.1349
1036 473 2
39 2 13.4626
215 2 13.4626
224 2 1
199 1 9.84098
412 1037 2
27 2 14.6353
137 3 17.4728
410 304 1
58 2 14.6353
585 382 1
194 2 10.9639
239 389 1
194 2 11.0684
204 346 1
142 3 12.9731
575 464 1
194 2 13.4626
328 709 1
60 23 14.7285
1038 442 1
169 3 10.5294
906 1039 1
168 2 12.6497
217 158 1
180 9 14.1243
532 1040 1
210 2 9.50688
58 996 1
205 2 12.8151
204 70 1
142 3 12.8114
1041 551 1
136 2 14.1349
6 796 1
52 2 11.6582
1042 421 1
142 5 14.4907
498 202 1
88 1 9.84098
459 1043 1
223 1 9.50449
1044 1045 2
208 3 12.2432
126 2 10.255
736 604 1
141 1 10.3518
1046 483 1
141 1 10.3518
273 237 1
141 1 10.3518
821 646 1
141 1 10.3518
1047 94 1
135 1 10.3518
1048 1049 1
4 1 10.3518
257 576 1
43 3 12.3591
204 585 1
46 4 10.4528
1050 1027 1
161 1 10.3518
101 677 1
126 2 10.3859
102 331 2
173 4 12.4468
69 5 13.3037
736 245 1
141 2 11.1808
1051 213 1
135 3 10.1335
27 88 1
126 5 10.5065
212 1052 1
63 2 13.7611
731 157 2
24 2 11.6582
200 2 11.6582
115 419 1
140 2 12.5008
2 253 1
109 2 13.4626
1053 317 1
180 2 13.4626
917 174 1
49 3 11.7554
824 65 1
228 1 9.50449
250 1054 1
44 5 11.5109
482 88 1
150 6 10.5891
529 346 1
210 2 10.9143
1055 101 1
71 2 12.3655
63 166 23
46 6 15.433
150 3 12.4409
99 8 16.4203
171 3 12.4409
188 3 12.4409
35 3 12.4409
70 5 14.7247
114 8 16.4203
231 3 12.4409
76 8 16.4203
111 3 12.4409
27 10 17.0757
128 9 16.778
20 3 12.4409
158 6 15.433
1 7 15.9821
145 2 10.4205
165 5 14.7247
37 11 17.3272
137 5 14.7247
66 6 15.433
144 6 15.433
72 3 12.4409
1056 79 1
15 1 9.50449
482 287 10
46 6 10.9152
99 8 11.6135
114 8 11.6135
27 10 12.0771
128 8 11.6135
158 6 10.9152
165 5 10.4143
37 11 12.255
66 6 10.9152
144 6 10.9152
1057 132 1
114 1 9.84098
3 346 1
187 19 12.848
300 798 1
71 2 10.6068
1058 94 1
172 1 10.3518
251 779 1
73 1 10.3518
1059 22 1
73 1 10.3518
118 20 2
155 3 12.4409
73 2 10.4205
278 738 1
172 2 11.0153
965 689 2
172 3 15.7761
68 2 13.2142
796 865 1
95 2 14.1349
185 127 1
18 3 10.8582
447 1060 1
153 1 10.3518
994 173 1
58 2 11.2403
332 290 1
220 2 14.1349
218 665 1
9 2 10.2867
539 753 1
75 3 11.4915
415 97 1
209 3 10.1682
433 905 1
29 2 12.8151
534 1061 1
134 1 10.3518
609 1062 1
181 1 9.84098
1063 487 1
88 2 13.0013
8 1064 1
127 5 14.0888
83 177 1
104 2 11.9215
1065 1066 1
196 2 11.1235
965 1003 1
103 2 13.4626
212 552 1
29 2 13.2142
656 41 1
155 2 12.8151
607 761 1
3 1 10.3518
848 506 1
79 2 13.4626
1027 693 1
28 3 10.5438
575 327 3
190 4 11.366
194 4 11.366
195 4 11.366
69 306 1
219 2 12.5008
1067 213 1
24 2 10.9143
308 1068 1
207 1 9.50449
1069 174 1
207 1 9.50449
585 1070 1
207 1 9.84098
97 689 1
207 1 9.84098
174 689 1
207 1 10.3518
331 347 1
207 1 10.3518
275 689 1
207 1 10.3518
1071 1072 1
207 1 10.3518
689 291 1
207 2 13.7611
292 547 1
207 2 14.1349
418 89 1
207 5 16.1577
31 420 1
208 3 15.2997
574 63 7
48 4 11.0983
171 4 11.0983
179 8 13.2283
165 5 11.8623
66 4 11.0983
7 7 12.8753
144 4 11.0983
1073 1074 1
50 1 9.84098
247 770 1
29 2 13.4626
789 351 1
113 3 10.487
31 357 1
55 2 14.6353
617 44 1
19 4 15.309
183 237 1
17 1 10.3518
194 306 1
23 2 12.5008
2 893 1
136 1 10.3518
9 1075 1
203 1 9.25316
58 1010 1
225 1 10.3518
1076 452 1
13 4 12.0048
421 248 1
139 2 14.1349
451 172 1
202 3 10.4731
135 225 2
54 2 11.8285
25 2 11.8285
683 260 1
92 2 12.0207
258 532 5
166 11 10.8597
210 7 10.0166
200 7 10.0166
147 7 10.0166
172 7 10.0166
983 158 1
203 1 10.3518
1077 1078 1
200 1 10.3518
520 103 1
32 3 13.2801
630 177 9
176 5 10.8252
119 5 10.8252
161 6 11.3459
185 5 10.8252
91 5 10.8252
19 31 14.076
74 31 14.076
33 8 12.0717
180 12 12.8967
1079 1080 1
203 1 10.3518
384 608 1
217 1 9.25316
502 465 2
154 8 10.1902
90 12 10.8866
1081 386 3
226 5 16.9857
91 3 14.3512
57 2 12.0207
204 597 2
219 4 10.9053
104 6 12.2167
1016 730 1
53 1 10.3518
70 348 1
140 1 9.84098
1082 1083 1
59 1 10.3518
2 351 4
52 2 11.367
69 3 13.5708
118 6 16.8347
91 2 11.367
1084 464 1
84 4 14.2445
1085 131 1
171 4 17.4696
180 512 1
8 6 14.1658
498 40 1
214 2 10.6068
157 184 1
166 3 12.0995
198 162 2
21 2 10.6884
33 2 10.6884
1086 969 1
164 2 13.7611
438 473 1
54 3 15.1022
505 1087 1
204 2 15.395
34 73 1
224 1 10.3518
968 103 2
54 2 13.4626
32 2 13.4626
36 1088 1
199 2 14.1349
66 1016 1
9 3 10.4456
479 951 1
84 2 13.2142
12 751 1
90 2 10.9639
1089 728 1
4 2 11.7409
227 1090 1
58 1 10.3518
1008 423 1
24 1 9.84098
1091 85 1
24 1 9.84098
1092 655 1
24 1 10.3518
542 349 1
24 2 10.6884
13 959 1
24 2 11.5055
359 1093 1
116 1 10.3518
1053 1094 1
152 2 13.7611
237 381 1
218 1 10.3518
560 177 2
201 8 12.885
49 5 11.5545
982 1095 1
1 2 11.9215
337 275 1
107 1 10.3518
802 448 1
107 3 10.3397
493 981 1
54 2 12.6497
1096 63 1
114 1 9.84098
17 260 3
230 16 11.4813
190 10 10.7939
67 7 10.1026
818 587 1
124 2 14.1349
77 436 1
198 2 9.91961
1097 498 1
107 2 12.8151
125 159 1
153 2 12.5008
115 142 1
178 3 11.3729
770 502 1
12 3 15.1022
262 41 2
61 6 11.634
130 3 9.37841
298 318 1
176 1 9.05246
89 1023 1
93 2 12.2415
731 548 1
121 1 10.3518
2 585 4
109 12 12.5331
176 4 9.8424
173 7 11.4183
108 5 10.52
630 1098 1
93 2 15.395
421 89 1
176 5 18.6722
228 257 1
12 6 13.3252
270 770 1
12 2 14.6353
572 228 1
12 2 15.395
393 1099 1
143 2 11.5799
2 1100 1
86 1 9.50449
633 296 1
202 4 13.7763
332 216 1
86 1 9.84098
350 948 1
86 1 10.3518
1101 707 1
86 1 10.3518
762 177 1
228 16 10.763
1102 253 1
86 1 10.3518
204 951 1
205 2 14.6353
610 570 1
93 2 12.127
384 110 2
175 1 9.25316
213 1 9.25316
108 317 1
33 3 11.0581
1103 131 3
46 2 12.6497
27 2 12.6497
137 6 18.7344
135 257 3
103 5 12.2996
49 3 10.3919
214 4 11.5074
781 988 1
163 2 15.395
630 127 1
74 2 14.6353
157 746 1
20 6 12.9077
44 15 2
160 11 17.1045
61 3 12.281
609 575 1
194 9 14.6206
159 157 1
37 3 13.2801
1104 17 1
188 2 15.395
779 317 1
143 2 11.1808
609 801 1
64 2 12.0207
283 1105 1
42 1 10.3518
646 202 2
66 1 9.84098
144 1 9.84098
1105 257 1
42 1 10.3518
521 646 1
20 5 14.4907
405 421 1
158 2 10.7747
394 405 3
46 2 10.8663
128 2 10.8663
158 3 12.9731
162 1106 2
21 2 10.3521
33 2 10.3521
27 336 1
23 3 9.92809
878 177 2
218 4 15.4126
141 2 11.6582
1107 1108 1
122 2 11.8285
537 496 5
196 5 10.9875
189 4 10.2798
78 5 10.9875
4 6 11.516
152 15 13.458
1103 177 1
137 8 14.5203
879 813 4
18 3 11.3275
0 4 12.5435
45 3 11.3275
74 4 12.5435
497 609 1
2 2 11.367
1109 177 1
147 1 10.3518
648 362 1
179 2 11.3023
115 165 1
96 3 10.2765
1110 155 2
119 3 14.7629
185 3 14.7629
566 565 1
111 2 11.0153
411 240 1
159 2 13.7611
257 936 1
31 4 9.60391
309 1111 1
112 4 11.9675
646 951 1
20 2 13.2142
510 1112 2
117 2 13.4626
110 2 13.4626
464 937 1
142 3 11.2191
1113 286 1
167 1 9.84098
389 1084 1
84 2 12.8151
780 906 1
166 2 11.4347
172 102 1
169 2 13.2142
526 307 1
195 3 11.1368
419 1067 1
24 2 10.3521
91 702 1
16 1 9.05246
594 42 1
126 3 12.9731
1114 889 1
202 2 9.26237
1030 337 1
212 1 9.84098
532 877 1
123 2 11.1808
1115 452 1
50 1 9.25316
526 17 5
14 2 10.9143
191 5 15.4224
82 2 10.9143
67 3 13.0304
225 2 10.9143
279 202 1
225 2 13.4626
64 1016 1
61 2 10.1638
622 159 1
178 4 10.5589
957 1116 1
208 2 14.6353
375 22 1
55 2 14.1349
584 277 1
105 1 10.3518
1117 685 1
68 1 10.3518
771 163 1
105 2 11.1808
1118 975 2
105 2 12.0207
224 2 12.0207
536 1063 1
224 1 10.3518
90 71 1
184 1 8.31474
1032 558 2
175 2 14.6353
213 2 14.6353
492 264 1
47 6 14.8445
1119 62 1
162 2 12.3655
43 1120 1
42 1 10.3518
1121 845 1
184 1 9.50449
771 320 2
66 1 9.50449
144 1 9.50449
469 549 1
43 2 11.4347
389 97 2
198 14 10.5215
190 17 10.7481
789 551 1
12 2 12.127
585 584 1
49 2 13.2142
436 1122 3
191 9 11.911
67 6 10.9561
195 5 10.4533
369 1123 1
23 1 8.88539
1050 822 1
186 1 10.3518
496 288 1
5 2 10.4205
1124 1125 1
23 1 9.50449
283 518 1
23 1 9.50449
273 1126 1
153 1 10.3518
1127 726 1
23 1 9.84098
1128 1129 1
23 1 10.3518
803 97 1
23 2 10.7747
1130 360 2
39 2 13.2142
215 2 13.2142
1131 177 1
136 2 11.7409
433 100 1
22 3 12.281
1000 163 1
22 2 14.6353
64 858 1
24 3 10.055
1132 1000 1
22 3 15.2997
11 635 1
22 3 18.3798
66 278 1
84 3 12.7607
217 1073 1
199 1 9.84098
1133 926 1
199 1 10.3518
1134 2 1
199 1 10.3518
1135 479 1
199 1 10.3518
399 1136 1
199 1 10.3518
429 728 1
199 1 10.3518
461 1137 1
199 1 10.3518
429 1135 1
199 1 10.3518
1107 184 1
30 4 12.4234
136 1118 1
199 2 14.6353
712 100 1
41 2 10.0503
22 166 1
115 2 12.2415
54 395 3
99 3 11.0014
20 4 12.1823
41 3 11.0014
806 364 1
102 1 10.3518
234 436 1
191 3 13.0896
54 724 1
41 1 10.3518
1138 517 1
44 2 10.8663
539 371 1
200 3 10.001
352 536 1
44 2 15.395
745 438 1
41 4 20.3528
494 63 1
84 2 12.6497
281 564 1
172 1 10.3518
881 599 1
10 1 10.3518
165 886 1
71 3 13.825
1139 319 1
172 2 10.9143
157 100 1
221 10 9.97636
1140 1141 1
135 1 10.3518
560 174 1
49 2 14.6353
74 163 1
224 1 10.3518
1122 957 1
191 6 16.8347
676 719 1
27 2 11.7409
1142 11 1
27 2 13.0013
666 436 1
225 1 10.3518
371 993 1
210 1 10.3518
473 177 2
63 17 12.4192
83 6 10.4865
350 101 1
57 1 10.3518
441 306 1
132 3 10.9463
560 886 1
49 3 14.9245
1143 1144 2
43 4 11.0396
61 4 11.0396
1145 826 1
135 1 10.3518
495 2 1
223 1 9.84098
1146 459 1
131 2 11.8285
171 552 10
186 8 15.7523
168 9 16.0955
16 3 11.9348
127 2 9.99665
71 5 14.1257
134 4 13.2159
211 8 15.7523
8 5 14.1257
62 8 15.7523
159 6 14.8052
600 994 3
38 6 12.3413
69 6 12.3413
74 6 12.3413
128 924 1
151 2 10.5295
770 1147 1
71 6 13.694
600 56 1
204 2 12.6497
1148 8 1
20 3 12.1343
923 737 1
20 2 12.2415
813 173 1
55 2 10.6068
451 1089 1
113 2 11.7409
778 521 5
179 5 11.0473
221 9 12.5879
222 4 10.3358
59 4 10.3358
7 5 11.0473
1 633 1
202 4 12.203
1149 433 2
77 4 15.0276
22 6 16.8347
963 1145 1
59 2 11.1808
909 431 4
103 4 12.9552
110 5 13.8471
63 6 14.5131
214 12 16.4969
1150 177 1
132 5 11.9009
250 1150 1
132 5 12.1484
1083 44 1
161 2 12.127
426 934 1
68 1 10.3518
560 186 1
156 8 24.2588
1093 828 1
116 1 10.3518
278 481 1
216 1 8.15435
584 257 2
163 3 14.4781
65 2 12.127
1151 325 1
206 1 9.25316
97 1152 1
195 2 15.395
63 505 1
221 2 10.456
487 541 1
146 1 9.25316
244 78 1
94 2 11.7409
281 346 1
59 2 10.4205
429 757 1
45 1 10.3518
751 249 1
5 4 11.9308
639 619 1
176 1 9.05246
1133 555 1
184 1 6.8543
860 655 1
68 2 12.6497
270 482 1
209 2 11.4347
127 813 1
157 2 12.8151
265 77 1
223 2 12.127
237 998 1
49 1 10.3518
689 1022 14
184 3 8.24561
216 7 10.5927
75 10 11.3175
207 8 10.8831
183 13 11.7505
166 20 12.2994
210 14 11.8585
113 8 10.8831
200 12 11.6269
147 12 11.6269
89 19 12.2435
172 8 10.8831
68 16 12.0383
167 22 12.3972
367 70 1
24 3 9.97989
734 135 1
87 7 16.0364
117 177 1
205 3 12.6633
712 574 1
9 3 10.3142
260 436 1
92 4 15.8917
222 177 1
154 6 9.64546
248 518 1
154 1 10.3518
452 455 1
154 1 10.3518
530 1153 1
102 1 10.3518
1154 1155 3
133 2 9.84636
92 3 11.7554
85 2 9.84636
1156 502 2
99 2 12.5008
81 2 12.5008
1157 48 1
165 1 9.50449
589 352 1
44 2 14.1349
814 80 1
127 2 10.2867
456 1158 1
154 2 14.1349
912 656 1
127 1 10.3518
1159 423 1
26 2 11.6582
100 746 1
20 4 11.7405
448 1021 1
127 1 10.3518
434 106 1
127 1 10.3518
244 649 1
127 1 10.3518
1160 84 1
221 1 9.84098
153 721 1
127 2 12.2415
334 271 1
211 1 10.3518
558 177 2
175 2 9.97052
213 2 9.97052
1161 177 1
195 1 10.3518
48 971 1
79 4 11.9127
31 961 2
209 3 10.3269
90 4 11.4354
250 1162 1
210 2 11.7409
59 435 1
122 8 17.3574
451 1163 1
26 1 10.3518
128 1164 1
52 2 13.2142
494 374 1
225 2 12.2415
1016 1027 1
47 4 15.6376
597 1165 1
176 1 9.25316
37 870 1
60 3 12.4409
657 438 1
116 1 10.3518
327 41 1
170 2 10.9639
31 421 1
55 1 10.3518
771 336 1
105 2 10.6884
131 570 1
82 2 11.7409
262 818 1
58 2 11.0153
194 821 2
17 2 12.3655
65 5 17.473
12 269 1
26 3 11.4431
2 127 1
227 1 9.84098
1114 172 1
200 2 11.4347
34 464 1
18 2 12.0207
222 248 1
154 6 13.2467
180 248 1
139 2 14.6353
21 452 1
178 2 10.4923
1166 144 2
5 5 14.3619
140 3 12.1343
407 88 1
64 2 11.9215
478 421 1
186 1 9.25316
411 183 1
186 1 9.25316
223 1167 1
186 1 9.50449
770 546 1
186 1 9.84098
315 32 1
186 1 9.84098
1168 232 1
186 1 9.84098
1169 731 1
169 2 12.5008
417 1073 2
196 6 10.279
58 7 10.6447
27 218 1
9 3 10.1799
760 548 2
109 7 13.927
161 3 10.8411
2 974 1
176 1 10.3518
610 1170 1
103 7 14.1328
266 1171 1
203 1 9.84098
157 51 1
184 1 6.87473
89 262 1
208 5 11.7266
421 212 2
48 2 11.5055
28 2 11.5055
278 595 1
89 2 12.2415
346 41 1
213 2 9.13876
304 689 1
207 1 10.3518
598 288 1
196 3 11.5162
256 310 1
160 2 11.9215
987 57 1
11 2 13.4626
247 317 1
161 2 10.3859
1172 128 1
52 2 13.4626
855 1173 1
161 1 10.3518
888 154 1
161 1 10.3518
2 145 1
161 1 10.3518
630 9 1
161 1 10.3518
517 1174 4
109 2 10.9143
6 3 13.0304
161 2 10.9143
21 2 10.9143
15 464 1
161 2 13.0013
1125 1175 1
134 4 19.3484
1176 1177 1
117 3 13.4195
110 41 1
6 3 11.784
683 71 1
102 1 9.84098
1092 37 2
178 4 14.7814
61 2 11.1808
528 1178 1
7 1 10.3518
953 21 1
47 5 13.1576
1129 555 1
50 1 9.84098
326 100 1
36 4 10.9825
475 639 1
36 2 13.0013
18 68 1
36 2 15.395
167 204 1
36 4 20.3528
306 1098 1
124 3 13.0304
213 1179 1
135 1 10.3518
131 740 3
190 3 11.7271
194 3 11.7271
195 3 11.7271
618 741 1
162 2 11.4347
268 499 1
192 1 10.3518
262 262 1
217 3 10.0882
498 469 2
133 2 9.0246
190 3 10.7743
454 1180 1
61 2 13.4626
1181 960 2
137 4 14.3042
100 2 10.8198
291 327 1
218 3 10.8929
355 1125 1
134 4 19.3484
868 276 1
60 4 12.1618
127 248 3
157 5 19.0233
139 2 13.4626
124 2 13.4626
267 424 1
133 2 9.34518
411 131 1
20 2 12.2415
128 365 1
172 5 12.8926
29 1182 1
64 2 14.1349
335 37 5
178 3 12.2062
155 5 14.4469
31 3 12.2062
212 2 10.224
13 2 10.224
272 575 1
133 1 9.50449
998 575 1
133 1 9.84098
1183 1184 1
7 1 10.3518
1185 436 1
133 1 9.84098
1186 917 1
57 1 10.3518
48 240 1
112 3 10.9106
1187 1188 1
13 2 14.1349
517 63 1
70 2 10.9143
526 40 1
162 2 12.3655
38 958 1
198 1 9.84098
621 159 1
2 2 11.0684
575 202 1
36 2 13.0013
1189 247 1
192 1 10.3518
911 263 2
78 4 11.7405
199 4 11.7405
277 482 1
231 4 11.8948
1135 177 1
199 1 10.3518
115 1025 1
30 3 12.0318
983 610 1
125 2 11.4347
412 1100 1
125 2 11.5055
771 228 1
29 2 15.395
1190 695 1
125 2 13.4626
531 456 2
226 2 13.7611
125 2 13.7611
1191 588 1
125 2 13.7611
176 459 1
43 3 11.9988
203 449 1
145 3 12.0653
209 96 1
196 1 10.3518
203 63 1
145 2 12.2415
151 389 1
191 2 13.2142
180 1192 2
220 1 9.25316
145 2 13.7611
458 2 3
119 15 19.0649
148 3 13.1509
185 15 19.0649
131 462 1
219 3 11.097
1180 1034 1
112 1 10.3518
238 48 1
174 3 12.4409
31 500 1
50 1 9.25316
48 1193 1
127 2 11.9215
1194 1073 1
50 1 9.50449
95 308 1
97 1 10.3518
1195 37 1
82 2 11.1235
506 600 1
62 3 11.3501
1196 492 1
123 2 12.3655
717 1101 1
197 2 11.8285
58 990 1
128 1 10.3518
108 166 1
219 2 11.0153
803 351 2
31 2 10.5295
123 3 12.5709
31 322 1
126 1 10.3518
121 118 1
214 2 11.5055
1197 468 1
176 1 8.88539
103 772 1
214 2 14.6353
1198 1199 1
164 1 10.3518
600 413 1
204 5 15.7989
115 919 1
172 1 10.3518
1106 479 1
33 1 9.84098
98 224 1
196 2 11.9215
133 272 1
139 2 10.7747
359 939 1
123 5 16.4736
635 177 1
22 9 13.5165
1200 91 1
87 3 16.8753
1201 1202 1
136 1 10.3518
91 1203 1
136 1 10.3518
2 1106 1
136 1 10.3518
151 1143 1
136 1 10.3518
744 1204 1
136 1 10.3518
282 1205 1
136 1 10.3518
656 927 1
136 1 10.3518
600 1203 1
136 1 10.3518
813 800 1
136 1 10.3518
120 88 1
18 2 10.0232
1131 244 1
136 2 13.2142
1203 282 1
136 3 13.825
1206 656 1
136 3 15.522
521 715 1
59 1 10.3518
367 15 1
166 2 10.8663
197 89 1
43 3 10.4731
304 508 1
178 2 10.4923
11 738 1
84 3 13.6516
13 381 1
178 2 11.367
31 529 1
178 3 12.9731
262 1207 1
178 2 14.6353
656 559 1
97 2 11.0153
212 321 1
64 2 10.8663
459 405 1
53 1 10.3518
924 244 3
157 5 13.7828
174 6 14.4458
151 18 17.2043
898 886 1
11 3 10.4186
2 259 1
176 2 10.6068
478 575 3
165 2 14.1349
66 2 14.1349
144 2 14.1349
262 599 1
217 2 9.48802
330 597 1
217 1 9.84098
477 346 1
217 1 10.3518
483 171 1
159 2 14.6353
335 452 6
155 3 12.4832
217 2 10.456
97 2 10.456
132 3 12.4832
73 3 12.4832
209 2 10.456
589 862 1
3 1 10.3518
1208 1209 1
60 6 12.8106
899 261 1
188 3 13.7362
319 767 1
182 10 11.932
100 640 1
105 6 12.6576
1210 1005 1
206 1 9.05246
678 177 1
206 3 9.28329
127 48 2
4 4 10.1798
152 8 12.1335
1211 1145 1
106 2 12.5008
1212 950 1
206 1 10.3518
576 177 1
43 8 11.8003
1213 1050 1
186 4 10.0281
411 552 1
53 2 10.9639
204 258 1
7 2 11.1808
31 41 1
56 3 14.7629
1214 1215 1
183 1 10.3518
338 497 1
143 5 11.691
523 1214 1
183 1 10.3518
1020 57 1
54 2 15.395
189 792 1
183 1 10.3518
45 1017 1
183 1 10.3518
1216 903 1
183 1 10.3518
1022 740 1
183 2 13.4626
45 964 1
183 2 13.4626
2 1114 1
176 1 9.84098
61 689 1
75 1 10.3518
273 106 1
169 2 10.106
63 48 2
66 2 9.75398
144 2 9.75398
357 619 1
132 3 10.6324
128 898 1
71 2 12.8151
327 469 3
165 2 10.5295
66 2 10.5295
144 2 10.5295
48 1217 1
77 3 16.8753
131 464 11
48 7 12.3796
171 5 11.4056
27 7 12.3796
28 4 10.671
81 7 12.3796
1 9 12.9961
145 8 12.719
88 3 9.63658
165 4 10.671
66 5 11.4056
144 5 11.4056
63 100 9
48 4 12.5937
171 4 12.5937
179 8 15.0106
158 3 11.3729
88 2 9.52598
165 5 13.4606
66 4 12.5937
7 7 14.6101
144 4 12.5937
97 398 1
209 1 10.3518
22 240 1
127 3 11.784
1039 240 1
168 2 12.8151
453 115 2
197 2 9.97052
193 2 9.97052
93 12 2
178 2 10.6068
43 3 12.6633
926 533 1
192 2 14.6353
1050 177 1
186 4 9.17106
144 597 1
97 2 12.8151
141 1218 1
171 2 11.367
147 1183 1
80 1 10.3518
1219 229 1
128 2 10.4923
1220 839 1
23 2 9.73175
1221 469 1
142 3 18.3798
737 144 1
18 2 11.8285
709 339 1
124 3 12.0995
1115 131 1
142 2 13.4626
473 909 2
103 2 13.7611
63 2 13.7611
548 1222 2
109 6 13.7177
161 3 11.0581
574 452 2
107 3 9.87774
9 12 13.9283
798 1223 1
71 1 10.3518
95 957 2
181 2 11.367
208 4 15.0276
1224 103 13
54 6 16.3925
164 7 16.9757
103 10 18.1373
117 16 19.2924
110 19 19.6213
39 11 18.4045
25 7 16.9757
87 12 18.6332
63 8 17.4411
215 11 18.4045
214 12 18.6332
83 11 18.4045
100 7 16.9757
9 237 2
218 2 13.0013
141 2 13.0013
237 604 2
177 2 13.7611
218 2 13.7611
683 47 1
176 2 10.4205
878 257 1
218 3 15.7761
865 569 1
130 1 9.84098
172 839 1
21 2 11.5055
457 1225 1
59 1 9.84098
93 53 1
187 2 12.0207
594 9 1
56 2 10.4205
291 63 1
46 3 12.0653
1226 521 2
175 1 9.50449
213 1 9.50449
1227 1163 1
71 1 10.3518
633 449 1
98 2 10.6068
491 452 1
229 5 14.4907
1228 40 1
159 2 14.6353
818 904 1
208 2 11.8285
318 1114 1
208 4 12.0429
262 637 1
208 2 13.7611
258 18 1
138 2 12.8151
870 452 1
208 7 22.4463
888 767 3
46 3 11.097
99 3 11.097
70 4 12.2882
247 518 1
219 2 11.6582
433 848 1
163 2 13.7611
492 483 1
218 2 12.6497
27 217 1
126 10 15.7391
141 800 1
19 2 13.0013
638 589 1
181 1 9.50449
868 1229 1
29 1 10.3518
32 20 2
130 2 11.8285
209 2 11.8285
103 886 1
25 1 10.3518
272 675 1
97 3 15.7761
685 1230 1
192 2 9.87038
383 268 2
24 3 11.9665
192 2 10.0232
1147 523 7
94 18 15.0746
106 16 14.8968
157 13 14.5407
174 20 15.22
139 19 15.1508
124 9 13.7608
80 11 14.2112
1231 1232 2
119 2 10.8198
185 2 10.8198
1224 177 13
54 6 15.1877
164 7 15.7281
103 11 17.0519
117 16 17.8746
110 19 18.1793
39 11 17.0519
25 7 15.7281
87 12 17.2638
63 8 16.1594
215 11 17.0519
214 12 17.2638
83 11 17.0519
100 7 15.7281
448 391 1
192 1 10.3518
585 1033 1
146 3 9.99044
632 228 1
12 6 19.2551
2 824 1
57 1 10.3518
22 163 1
5 3 11.9036
476 89 1
198 1 9.84098
335 547 1
149 2 14.6353
1233 744 1
30 2 13.0013
1234 488 1
31 1 10.3518
395 913 1
155 2 12.3655
523 996 1
139 4 11.4783
89 2 1
93 3 13.7362
787 788 1
195 2 12.8151
963 22 1
181 2 11.6582
1235 568 1
79 1 10.3518
59 144 1
148 8 13.9937
1236 1237 2
202 2 10.3859
229 7 15.929
960 991 1
137 2 14.1349
470 286 1
203 1 9.50449
690 484 1
151 15 10.4404
979 1202 1
207 1 9.25316
103 1238 1
63 2 15.395
273 104 1
81 2 12.5008
1239 1240 1
59 1 9.84098
1241 1242 1
72 1 10.3518
308 491 1
229 2 10.4923
1210 131 1
217 1 9.50449
497 348 1
143 3 11.7554
525 487 1
44 1 10.3518
869 844 1
203 1 10.3518
453 402 1
143 2 12.5008
963 166 1
41 1 10.3518
1230 42 1
118 3 15.7761
349 317 1
74 5 12.8112
473 939 2
39 2 12.8151
215 2 12.8151
600 689 1
147 1 10.3518
197 131 1
81 3 12.0653
237 517 1
201 2 12.6497
237 7 1
201 2 13.4626
1053 921 1
201 2 14.1349
937 1243 1
201 2 14.6353
433 307 1
201 3 14.9245
560 433 1
201 6 21.6751
48 506 1
186 2 9.62532
1050 83 1
104 2 11.9215
1244 139 1
41 1 10.3518
1245 45 1
109 2 12.8151
517 1181 1
137 4 15.6376
618 59 1
57 2 12.0207
307 71 2
216 2 8.39487
135 4 11.0983
100 634 1
135 2 11.3023
886 770 1
71 3 15.2997
695 251 1
62 1 10.3518
182 224 1
121 1 9.50449
111 658 1
143 2 13.7611
2 634 1
86 2 12.8151
1246 663 4
94 5 16.9857
157 3 14.3512
174 2 12.0207
139 7 18.4362
1247 1248 1
227 1 9.50449
837 473 1
87 2 15.395
52 495 1
97 3 10.432
244 642 2
117 2 14.1349
83 2 14.1349
712 801 1
82 2 11.8285
1244 570 1
41 2 14.6353
646 570 1
123 2 11.0153
108 552 1
112 2 10.9143
1249 1250 2
98 8 11.5992
113 6 10.9018
340 585 1
25 2 10.6471
249 269 1
122 3 12.3591
1251 689 1
75 1 10.3518
634 591 1
75 1 10.3518
995 568 1
87 2 15.395
318 1252 1
75 1 10.3518
1154 854 1
87 3 16.8753
184 860 2
75 2 10.7309
68 5 15.1633
469 1253 1
75 3 10.8411
532 278 1
75 3 13.6516
1102 487 1
33 1 9.50449
418 901 1
170 1 9.84098
1182 144 1
71 2 13.7611
1069 104 1
170 1 10.3518
982 586 1
170 1 10.3518
389 1254 1
185 1 10.3518
133 1123 1
94 2 12.5008
46 1255 1
53 1 10.3518
1256 272 1
130 2 11.8285
19 121 1
170 1 10.3518
137 695 1
145 2 10.0232
31 1063 1
130 2 15.395
103 574 1
164 1 10.3518
204 106 2
66 2 13.2142
144 2 13.2142
349 126 1
45 2 12.6497
901 1257 1
170 2 11.8285
151 481 1
170 2 13.7611
15 632 1
135 2 10.2867
1182 481 1
177 2 14.1349
151 90 1
177 2 14.6353
1077 758 1
177 2 15.395
237 45 1
177 3 15.7761
758 177 1
177 4 18.6868
90 649 1
177 7 21.6788
1258 1058 1
154 3 12.2062
537 37 1
34 2 9.2305
1259 1180 1
213 1 9.05246
108 695 1
37 4 12.8367
1156 512 3
231 3 14.7629
81 3 14.7629
182 2 12.3655
166 346 1
70 2 11.8285
1008 741 1
70 2 11.9215
1260 1261 1
196 1 10.3518
445 741 1
131 2 11.2403
754 97 1
37 6 14.3804
755 922 1
37 2 14.6353
943 414 3
35 3 14.2328
37 4 15.7606
182 2 11.9215
324 134 1
206 1 9.84098
218 923 1
159 4 12.7523
40 70 1
76 2 12.3655
693 1262 1
210 1 10.3518
71 456 1
25 2 11.5055
584 975 1
105 1 10.3518
1263 1264 1
163 3 14.2328
618 654 1
126 11 16.8041
584 177 8
163 20 16.9301
177 8 14.9805
116 12 16.0044
156 13 16.1745
149 14 16.3231
105 13 16.1745
49 9 15.3069
44 8 14.9805
967 177 1
101 4 12.725
91 131 1
38 4 11.4928
63 502 1
182 2 12.5008
638 445 1
69 1 10.3518
218 277 1
169 3 10.8929
327 1162 6
103 3 13.4195
39 3 13.4195
32 6 16.647
87 8 17.712
215 3 13.4195
100 2 11.2403
566 1081 1
111 2 10.5677
505 248 1
106 2 13.4626
31 11 1
9 4 12.8657
1265 691 1
10 1 9.84098
281 132 1
142 2 12.6497
59 240 1
93 3 14.3512
637 144 1
65 2 12.3655
1266 177 1
204 2 14.1349
694 1026 1
101 2 10.5295
1267 163 1
118 2 11.5055
447 177 2
173 6 12.3801
21 4 11.0512
103 50 3
39 2 12.5008
87 3 14.9245
215 2 12.5008
602 563 1
130 1 9.50449
456 670 1
142 2 11.5055
1268 1245 1
109 6 11.1575
1269 37 4
187 4 12.1015
51 2 9.15366
50 3 10.9284
107 3 10.9284
656 218 1
187 2 13.7611
88 2 1
69 3 11.2191
286 167 2
98 2 10.0503
200 2 10.0503
951 1270 1
57 3 10.4456
917 53 1
60 2 12.2415
300 506 1
159 2 13.0013
496 500 1
193 2 9.68826
107 552 1
141 1 10.3518
1271 163 1
224 1 10.3518
559 871 1
153 2 11.5055
545 22 1
23 1 9.05246
422 790 1
168 4 16.3476
1188 1272 1
224 2 11.7409
820 139 1
212 1 9.84098
529 134 1
104 2 10.7309
600 1273 1
223 1 9.50449
547 529 1
212 1 9.84098
389 689 2
89 4 17.7981
2 3 16.0727
97 22 2
162 2 12.127
40 3 14.4781
304 666 1
147 1 9.50449
590 177 1
108 3 12.2062
13 1274 1
212 1 10.3518
1255 257 1
53 1 10.3518
203 212 3
36 2 12.8151
120 2 12.8151
40 2 12.8151
584 11 1
105 1 10.3518
247 1094 1
80 2 12.0207
584 345 2
156 2 14.6353
149 3 17.4728
1237 633 2
202 2 9.89479
229 7 15.1757
1053 609 1
2 2 10.6884
389 10 1
63 2 12.3655
852 420 1
74 2 12.6497
990 966 1
198 1 10.3518
800 554 1
19 6 16.0243
253 41 1
209 1 10.3518
373 609 1
216 1 8.50583
1275 922 2
99 2 12.0207
70 2 12.0207
731 217 1
74 2 13.7611
2 238 1
174 3 11.4431
585 184 1
169 8 10.4757
900 238 1
89 2 10.6884
1276 1277 1
90 1 10.3518
574 708 2
101 2 11.9215
124 3 14.2328
131 622 1
48 6 11.9868
87 1278 1
99 2 12.6497
221 325 1
25 1 10.3518
630 1279 1
74 2 15.395
882 449 1
115 3 11.5924
272 991 1
75 2 10.3859
1280 247 1
58 2 10.456
464 712 1
171 1 10.3518
420 1085 1
171 1 10.3518
1218 712 1
171 2 14.1349
521 62 1
171 2 14.1349
173 1097 1
55 10 11.9963
951 165 1
55 3 12.8114
1281 137 1
62 1 10.3518
69 100 1
219 2 10.4205
31 137 1
55 2 14.1349
171 218 4
79 3 10.9463
168 4 12.1214
64 4 12.1214
159 6 13.579
715 325 1
217 2 10.4923
498 131 1
150 3 10.663
251 435 1
217 2 10.3521
957 498 1
142 3 12.1699
70 1282 1
5 1 10.3518
178 347 1
222 1 10.3518
350 2 4
18 2 10.6884
21 5 15.1032
108 5 15.1032
57 6 15.8297
656 475 1
34 1 9.25316
204 227 2
115 2 11.9215
145 2 11.9215
618 506 1
47 5 16.0621
358 1283 1
200 1 10.3518
1284 983 1
2 1 10.3518
1285 551 1
3 2 13.4626
5 922 1
175 1 9.84098
475 524 1
120 1 9.50449
492 277 1
84 2 11.1808
1286 434 3
11 3 11.4193
120 2 9.56492
7 3 11.4193
770 90 1
47 3 12.9731
478 539 1
135 2 11.367
899 1277 1
33 1 9.50449
678 530 1
206 3 10.5011
1287 901 1
120 1 10.3518
497 132 1
20 2 13.2142
586 204 5
11 5 13.6899
28 3 11.5666
120 3 11.5666
205 10 15.8757
40 6 14.3484
204 429 3
11 2 11.8285
230 2 11.8285
120 2 11.8285
770 478 1
79 1 10.3518
712 172 1
230 2 12.6497
779 459 1
143 2 11.0153
957 1044 1
181 1 9.84098
266 1288 1
146 1 9.05246
1059 670 1
51 1 9.25316
1289 349 1
80 3 15.7761
292 1290 1
34 1 9.05246
31 840 1
34 1 9.25316
34 124 2
175 2 10.6884
213 2 10.6884
818 1291 1
34 1 9.84098
1292 1293 1
34 1 10.3518
1294 1292 1
34 1 10.3518
656 816 1
34 1 10.3518
1003 465 1
34 1 10.3518
658 1056 1
34 1 10.3518
1056 1123 1
34 1 10.3518
1295 1145 1
147 2 14.1349
319 77 1
37 5 20.6803
648 308 1
113 1 10.3518
364 596 1
108 3 11.097
31 257 6
56 7 11.2897
160 5 10.4015
175 7 11.2897
213 7 11.2897
26 5 10.4015
209 8 11.5992
84 50 1
87 3 18.3798
1225 602 1
67 1 10.3518
1272 469 1
224 2 11.8285
804 1296 1
122 2 11.1808
974 81 1
131 1 10.3518
257 202 1
120 2 9.54532
62 514 2
71 2 11.6582
83 2 11.6582
51 184 1
184 1 6.96089
1297 975 1
204 6 16.9349
788 1115 1
47 3 12.7113
264 971 1
47 3 12.9175
770 435 1
47 3 13.0896
188 624 1
78 1 10.3518
264 217 1
47 2 13.7611
227 1252 1
113 1 10.3518
217 805 1
78 1 10.3518
411 386 1
47 6 20.3804
174 1063 1
184 1 7.2754
1298 1063 1
78 1 10.3518
1022 689 1
184 1 7.68882
105 1299 1
224 1 10.3518
217 459 2
189 3 11.3729
78 3 11.3729
139 1300 1
184 1 8.15435
31 1097 1
107 5 11.7147
348 177 1
178 8 10.371
157 958 1
184 1 8.88539
1244 137 1
223 1 9.50449
1301 471 1
65 2 11.9215
584 769 1
105 1 10.3518
689 492 1
184 1 9.50449
57 556 1
184 1 9.84098
654 210 2
164 2 11.3023
100 2 11.3023
257 1174 1
223 3 9.86784
1302 552 1
64 3 12.3591
1303 719 1
223 1 10.3518
1304 1305 1
223 1 10.3518
796 449 1
194 2 11.4347
413 77 1
223 2 10.6471
203 100 1
142 4 11.4928
630 259 1
33 2 14.6353
1306 740 1
221 1 9.84098
965 1307 1
72 2 11.4347
211 502 1
186 1 9.84098
389 632 1
192 2 9.84636
1308 575 1
170 1 10.3518
1309 346 1
140 2 12.8151
262 449 1
209 2 13.2142
1310 482 1
166 4 12.1015
244 90 1
80 1 10.3518
244 1027 1
80 1 10.3518
91 40 1
222 2 11.5055
630 588 1
19 19 21.4978
1311 21 1
112 4 12.1415
841 610 1
103 7 14.109
585 924 1
151 3 12.0653
1312 63 1
82 2 14.1349
188 1313 1
166 1 10.3518
68 62 1
143 2 10.7747
693 449 1
38 2 10.6471
132 63 2
188 14 13.6782
81 6 11.7984
917 741 1
231 3 12.0653
628 506 1
159 2 11.9215
1314 1168 1
15 1 10.3518
15 599 2
160 11 17.0003
61 3 12.2062
699 1315 1
121 2 11.8285
1316 77 1
197 1 9.84098
48 551 2
168 8 13.7868
29 8 13.7868
692 150 1
103 3 14.0172
429 131 1
162 2 11.8285
771 11 1
12 8 12.742
137 636 1
130 1 9.84098
588 177 1
19 26 13.1324
11 508 1
212 1 9.84098
824 101 1
176 1 9.50449
36 1317 1
16 1 8.50583
1073 707 1
93 2 13.7611
418 225 1
164 2 11.0153
319 609 1
194 7 18.4362
413 159 2
197 3 11.0014
193 4 12.1823
497 37 1
217 1 9.25316
791 273 1
56 1 10.3518
152 243 1
180 3 15.7761
923 155 1
56 1 10.3518
335 450 1
56 1 10.3518
791 1318 1
56 1 10.3518
1311 1027 1
56 4 10.8103
9 22 1
56 3 13.5708
450 899 1
129 2 11.1235
435 1089 1
55 1 10.3518
731 51 1
169 2 10.224
395 204 1
179 2 11.1808
688 1319 1
86 1 9.50449
349 2 32
129 5 13.488
18 12 16.0691
109 14 16.3891
6 23 17.1931
52 15 16.5208
176 11 15.8719
173 12 16.0691
136 12 16.0691
30 21 17.069
69 10 15.6415
227 9 15.3688
223 3 11.3959
86 10 15.6415
93 18 16.8362
0 9 15.3688
119 6 14.1367
161 11 15.8719
21 5 13.488
148 25 17.2987
118 18 16.8362
185 6 14.1367
226 14 16.3891
45 5 13.488
108 13 16.2399
153 8 15.0411
91 15 16.5208
125 15 16.5208
19 5 13.488
204 17 16.7422
33 15 16.5208
180 20 16.9985
57 15 16.5208
779 390 1
73 8 12.9347
779 922 1
126 2 11.1808
134 965 1
189 3 9.8482
1320 464 1
32 4 18.1926
234 68 11
14 4 13.8712
11 3 12.5265
133 2 10.4923
198 2 10.4923
138 2 10.4923
191 4 13.8712
230 4 13.8712
190 3 12.5265
120 2 10.4923
195 2 10.4923
40 3 12.5265
695 180 1
118 2 10.5295
342 257 1
118 2 12.3655
342 529 1
118 2 14.6353
2 913 1
118 2 14.6353
584 551 1
224 1 9.84098
32 551 1
177 3 16.0727
213 497 1
135 2 12.3655
66 626 1
89 4 14.7057
639 145 2
94 2 11.5055
151 2 11.5055
429 631 1
162 3 14.4781
906 102 1
173 2 10.6068
136 1321 1
86 1 9.84098
204 165 1
115 2 11.6582
995 210 1
117 5 17.8746
840 363 1
174 2 15.395
1250 47 1
98 1 9.84098
151 1032 1
25 2 10.6884
639 278 1
36 2 14.1349
1322 703 1
155 2 14.1349
143 1323 1
86 1 10.3518
1324 64 1
143 2 12.3655
273 1325 1
3 1 9.84098
532 316 1
166 2 10.6068
62 17 1
231 2 12.0207
257 184 1
166 9 11.0668
2 512 5
52 2 11.7409
93 2 11.7409
119 2 11.7409
185 2 11.7409
57 2 11.7409
389 1326 1
166 2 11.8285
97 18 18
95 13 16.3412
11 3 11.4671
133 3 11.4671
198 9 15.4648
138 4 12.698
191 8 15.135
230 10 15.7391
190 6 14.225
162 4 12.698
92 6 14.225
82 6 14.225
194 7 14.7311
131 6 14.225
67 5 13.5722
195 4 12.698
205 5 13.5722
40 7 14.7311
225 4 12.698
657 322 1
90 1 9.84098
257 248 2
157 2 10.5295
80 2 10.5295
405 904 1
155 2 12.0207
1023 435 1
209 2 11.367
159 609 1
107 3 10.487
336 1101 1
96 1 9.50449
330 524 1
140 1 10.3518
237 257 1
22 7 15.2138
1327 456 1
62 2 11.7409
1118 448 1
156 9 17.9099
315 506 1
62 1 10.3518
90 551 1
79 2 13.7611
1004 92 1
71 2 13.4626
658 779 1
31 1 10.3518
11 218 3
156 9 14.5527
105 6 13.386
12 8 14.2423
44 687 1
229 8 11.4808
503 63 1
76 2 13.4626
1139 225 1
63 2 14.6353
103 472 1
83 1 10.3518
332 1328 1
58 3 11.784
213 1089 1
135 2 10.8198
688 297 1
2 4 12.7523
771 247 1
204 5 14.8787
48 88 1
16 2 7.7462
1149 635 1
17 1 10.3518
453 589 1
154 3 9.64528
769 1329 1
148 2 12.6497
217 848 1
174 10 11.43
1330 883 1
54 3 11.1774
1175 136 1
134 1 10.3518
11 77 1
204 3 11.2833
887 413 1
125 2 14.6353
252 212 1
134 1 10.3518
670 22 1
209 2 10.8663
1331 534 1
134 1 10.3518
206 806 1
98 1 9.84098
1332 965 1
94 2 11.9215
420 452 1
31 2 9.34518
1333 568 1
134 2 14.1349
644 535 1
134 2 14.6353
9 1334 1
134 2 15.395
1229 637 1
220 2 11.2403
9 585 1
134 3 17.4728
1061 9 1
134 3 18.3798
93 551 1
29 2 15.395
314 1335 1
151 4 14.7057
1208 191 1
43 2 11.2403
998 77 1
211 3 12.5265
1207 933 1
37 2 13.2142
628 426 1
75 2 13.2142
77 389 1
2 7 12.8892
63 899 1
188 3 12.9175
162 29 2
4 5 12.0767
152 7 13.108
624 3 1
188 2 15.395
818 92 1
104 2 11.1808
547 1239 1
176 1 10.3518
71 173 1
22 6 16.7389
1336 150 1
100 2 11.9215
1311 140 1
123 3 13.4936
817 255 2
160 7 14.2306
130 2 9.27857
346 288 1
209 3 10.9106
517 924 1
174 2 12.6497
1059 1337 1
43 1 10.3518
1016 115 2
193 3 13.3485
73 2 11.1808
630 1023 1
19 2 14.6353
249 1200 1
5 1 10.3518
8 731 1
192 2 10.5295
1338 989 1
222 2 9.77654
1318 180 1
8 3 11.4671
1082 31 1
107 1 10.3518
103 572 1
25 1 10.3518
360 728 2
4 3 12.1699
152 8 16.0626
1027 889 1
56 3 16.0727
88 377 1
40 2 12.2415
473 48 2
54 3 14.7629
32 3 14.7629
2 807 1
125 2 14.1349
204 517 1
128 2 11.4347
1339 207 2
39 3 12.3995
215 3 12.3995
1324 546 1
53 1 10.3518
805 1340 1
17 1 10.3518
63 346 1
188 2 11.9215
893 492 1
101 2 14.6353
1341 69 1
115 2 10.5295
257 1342 1
143 3 11.0014
1343 1022 1
102 1 9.84098
770 41 1
204 5 11.4682
50 1200 3
87 9 14.8875
63 5 13.0655
100 3 11.039
230 699 1
121 1 9.84098
131 965 2
88 5 10.265
72 4 9.60391
559 745 1
41 1 10.3518
237 484 1
149 2 15.395
575 469 8
14 4 12.4946
138 3 11.2833
191 5 13.3547
36 4 12.4946
230 4 12.4946
92 6 13.9971
40 5 13.3547
225 3 11.2833
217 291 1
121 2 10.6068
279 63 1
82 6 19.2551
645 240 1
168 4 18.6868
923 159 1
5 2 13.7611
289 1344 1
206 2 12.127
405 132 1
158 3 14.4781
609 1345 1
219 1 10.3518
389 248 3
106 2 11.9215
139 2 11.9215
80 2 11.9215
725 630 1
19 4 18.1926
278 66 1
216 2 9.87038
187 975 1
65 2 11.9215
1346 1347 1
137 2 13.7611
292 1103 1
137 2 13.7611
1037 131 2
27 2 14.1349
137 2 14.1349
1348 251 1
91 2 13.7611
538 7 1
137 2 15.395
3 418 1
137 3 15.522
960 517 1
137 4 17.4696
1349 258 2
123 2 10.8198
5 2 10.8198
48 76 1
12 2 12.2415
788 479 1
162 2 11.0684
1316 288 1
193 3 11.6993
548 893 1
16 1 10.3518
1008 1174 1
154 2 12.3655
1158 448 1
127 3 10.4731
1350 1320 1
32 5 17.6642
15 1253 1
200 1 9.84098
389 424 1
94 2 10.7309
89 563 1
207 2 10.1346
1006 146 1
152 3 14.1217
564 95 1
194 2 11.1235
63 488 1
48 2 12.3655
939 646 1
123 5 15.5651
746 389 2
162 2 11.367
82 2 11.367
487 156 1
88 4 12.5435
414 755 3
35 3 14.2328
37 4 15.7606
182 2 11.9215
94 48 1
26 2 10.8663
1113 450 2
202 2 9.32824
167 2 9.32824
421 202 1
36 2 12.2415
31 258 1
31 1 9.50449
51 924 1
157 2 12.8151
310 552 2
168 4 16.9421
112 2 12.8151
1351 1097 1
55 1 10.3518
212 643 1
65 2 14.1349
1089 127 1
209 2 10.4923
1174 413 4
109 7 11.2758
6 7 11.2758
223 6 10.8884
86 4 9.71959
551 472 1
16 2 8.25712
525 529 1
16 1 8.61708
178 546 1
16 1 8.74227
644 660 1
16 1 9.05246
48 1352 1
16 1 9.84098
956 1353 1
16 1 9.84098
1353 542 1
16 1 10.3518
646 214 1
89 2 10.8198
245 214 1
89 2 10.9639
70 71 1
89 5 13.8471
227 902 1
16 3 14.6148
585 635 1
22 2 12.0207
894 1354 1
212 1 9.84098
338 381 1
200 1 10.3518
544 913 1
43 1 10.3518
619 949 2
106 5 13.8471
124 5 13.8471
677 973 1
10 1 10.3518
522 1355 1
120 1 9.84098
367 780 1
166 2 14.6353
990 809 1
34 1 9.50449
772 585 1
100 2 10.8198
1356 89 1
102 1 10.3518
1195 753 1
173 1 10.3518
635 237 1
22 7 20.2667
830 1357 1
2 5 10.7484
118 1358 1
77 2 13.0013
744 770 1
71 2 12.127
104 308 1
207 1 9.84098
389 728 1
152 3 12.9175
141 252 1
123 2 10.9143
949 813 2
106 5 13.8799
124 5 13.8799
1028 413 1
103 2 14.6353
77 68 3
82 2 12.127
67 2 12.127
225 2 12.127
498 110 1
126 5 12.2996
517 1116 1
13 1 9.50449
31 599 1
13 1 9.50449
401 637 1
13 1 9.50449
232 283 1
13 1 9.50449
245 1299 1
13 1 10.3518
1359 599 1
13 1 10.3518
475 1360 1
13 1 10.3518
259 423 1
13 1 10.3518
31 183 1
13 2 10.9639
37 1187 1
13 2 13.7611
1243 884 1
201 5 19.445
271 209 1
211 1 10.3518
133 217 1
174 9 12.0654
121 505 5
14 6 11.9542
142 5 11.4056
67 4 10.671
205 8 12.719
225 4 10.671
712 599 3
155 7 12.8342
61 3 9.99044
130 3 9.99044
1022 1361 1
210 1 9.50449
1320 177 1
32 12 13.434
346 505 1
72 2 12.2415
203 1362 1
28 1 10.3518
141 719 1
28 5 11.0735
91 1053 1
28 2 12.3655
31 275 2
155 3 14.3512
34 2 12.0207
166 586 1
28 2 14.6353
2 723 1
108 1 10.3518
166 1219 1
128 1 10.3518
171 1363 1
211 1 10.3518
564 94 1
208 6 12.2047
263 781 1
78 2 11.6582
912 1364 1
201 3 15.7761
412 90 1
93 2 11.5799
1365 303 1
113 2 11.4347
1019 177 1
5 1 10.3518
374 632 1
222 2 10.7747
166 482 22
46 6 15.2826
150 3 12.3196
99 8 16.2603
171 3 12.3196
188 3 12.3196
35 3 12.3196
70 5 14.5812
114 8 16.2603
231 3 12.3196
76 8 16.2603
111 3 12.3196
27 12 17.3716
128 8 16.2603
20 3 12.3196
158 6 15.2826
1 7 15.8264
145 2 10.319
165 5 14.5812
37 11 17.1584
66 6 15.2826
144 6 15.2826
72 3 12.3196
69 166 1
165 2 10.4205
70 166 2
114 2 11.6582
142 3 13.9185
245 1366 1
199 1 10.3518
12 452 1
34 4 10.8311
288 251 1
0 2 12.3655
431 546 1
8 1 10.3518
127 186 2
106 2 12.127
124 2 12.127
52 547 1
207 1 9.84098
1367 552 1
106 2 12.5008
523 246 2
94 2 14.6353
106 2 14.6353
523 484 1
106 2 15.395
19 689 1
147 1 9.50449
616 177 1
147 9 9.68824
1368 826 1
147 1 9.84098
1369 184 1
147 1 9.84098
429 1109 1
147 1 10.3518
879 763 1
129 2 10.6471
441 689 1
147 1 10.3518
616 178 1
147 1 10.3518
25 37 1
143 2 11.8285
52 401 1
96 1 9.84098
275 3 1
187 5 17.6642
1370 791 1
8 1 10.3518
307 938 1
130 1 9.25316
291 131 3
99 3 11.1981
165 2 9.37963
72 4 12.4002
31 351 1
123 2 11.6582
143 37 1
23 2 9.91961
1089 623 1
112 1 10.3518
200 177 1
68 1 10.3518
551 433 4
168 11 15.5391
112 3 11.157
29 11 15.5391
8 6 13.8403
506 770 3
186 2 9.37963
112 3 11.1981
12 11 15.5964
1371 519 1
80 2 11.8285
1124 656 1
112 2 13.7611
587 244 1
124 3 12.0995
2 331 3
6 5 16.2578
153 3 13.7362
91 4 15.2107
143 358 1
219 1 10.3518
21 953 1
112 3 16.0727
713 688 3
219 7 11.1877
104 7 11.1877
85 7 11.1877
405 300 1
112 4 17.4696
134 69 1
219 2 14.6353
31 1372 1
90 1 10.3518
1115 770 1
47 4 13.6858
548 1349 1
123 2 15.395
1049 789 1
200 1 10.3518
693 18 1
95 2 11.367
1373 320 1
88 1 9.50449
1374 128 1
14 3 11.9036
447 310 1
21 1 10.3518
539 858 1
15 3 8.92878
291 510 1
0 11 11.3697
250 245 1
50 1 9.50449
394 63 4
46 3 13.825
99 4 15.309
188 2 11.5799
182 8 18.2471
941 324 1
206 2 9.82272
332 1375 1
132 1 10.3518
1182 907 1
64 2 13.4626
120 496 1
172 1 9.84098
1111 452 1
96 2 11.8285
769 1091 1
106 2 12.0207
63 332 7
6 7 12.0673
52 6 11.6527
227 6 11.6527
86 4 10.4018
91 7 12.0673
125 6 11.6527
57 4 10.4018
135 909 1
49 1 10.3518
1008 1376 1
212 1 9.84098
91 381 1
84 3 11.157
951 118 1
84 2 11.2403
917 186 1
84 3 11.8428
172 1377 1
196 1 10.3518
186 464 1
84 5 18.6722
257 745 1
41 2 11.0153
158 1378 1
87 2 15.395
248 459 1
94 2 10.7747
1122 803 1
198 1 10.3518
599 479 1
0 2 11.7409
327 554 1
0 2 11.8285
2 277 3
0 2 11.8285
148 6 17.5181
204 7 18.1414
1368 965 1
216 1 8.61708
746 17 3
20 6 14.1367
230 4 12.6192
67 3 11.3959
771 115 2
197 3 13.0896
193 2 10.9639
661 97 1
52 4 17.4696
281 452 1
34 1 9.25316
1189 375 1
216 1 9.25316
532 1252 1
216 1 9.84098
115 689 7
216 2 12.3655
207 4 16.3476
183 5 17.473
113 3 14.7629
24 3 14.7629
229 2 12.3655
167 9 19.9096
70 76 1
186 1 9.25316
272 206 1
228 2 9.79946
103 996 1
214 2 14.6353
575 17 16
95 8 14.0135
11 3 10.6174
133 4 11.7571
198 5 12.5664
138 5 12.5664
191 13 15.1303
230 11 14.7875
190 12 14.9712
92 16 15.5009
82 15 15.392
194 14 15.2694
131 7 13.6395
67 7 13.6395
195 5 12.5664
205 5 12.5664
40 8 14.0135
374 1379 1
53 1 10.3518
1380 240 1
53 1 10.3518
923 22 1
5 2 9.94485
238 1381 1
53 1 10.3518
491 1382 1
26 1 10.3518
770 40 1
53 2 10.9639
960 530 1
100 2 10.8198
1036 389 3
52 5 12.3632
93 6 12.9579
118 6 12.9579
185 165 1
126 2 10.106
238 552 1
53 2 13.0013
1327 238 1
53 2 13.7611
413 41 1
141 3 11.7554
140 17 2
119 2 10.4923
185 2 10.4923
965 71 1
210 2 10.6471
268 1253 1
200 1 10.3518
1383 452 1
193 1 10.3518
1384 560 2
156 2 14.6353
149 2 14.6353
584 66 1
149 2 15.395
71 813 2
149 4 15.8917
218 2 12.0207
579 280 1
149 3 18.3798
103 257 4
54 3 14.6148
117 3 14.6148
110 3 14.6148
100 3 14.6148
11 584 2
156 3 17.4728
149 4 19.3484
218 237 1
149 5 20.6803
239 1385 1
221 1 10.3518
584 173 2
163 2 13.7611
105 4 18.1926
91 333 1
71 4 11.4213
1045 262 4
155 3 12.7113
160 2 10.6471
208 3 12.7113
126 2 10.6471
1102 1386 1
134 3 12.7113
108 975 1
77 6 12.9243
584 628 1
116 1 10.3518
144 72 1
77 2 13.2142
1076 388 1
216 2 9.87038
1217 894 1
77 3 14.7629
433 483 1
77 4 16.9421
584 1059 2
163 5 19.9732
177 3 16.8753
111 532 1
126 5 12.5138
260 307 1
40 2 13.7611
1387 1030 1
176 1 8.88539
91 252 5
46 2 10.9639
150 2 10.9639
99 3 13.0896
70 2 10.9639
158 3 13.0896
1053 37 1
61 4 14.4947
2 441 3
173 3 12.5709
86 3 12.5709
180 5 14.8787
292 1342 1
23 1 9.05246
351 1388 1
176 1 8.88539
204 421 1
40 2 12.127
860 509 1
142 2 11.1235
127 1024 1
62 2 9.89479
383 118 1
15 1 9.50449
31 3 2
175 2 11.9215
213 2 11.9215
1025 530 1
4 2 10.0779
64 552 1
79 3 13.2801
209 2 1
189 2 13.4626
102 48 1
169 2 10.106
922 481 1
4 1 9.84098
700 102 1
169 1 10.3518
584 581 1
116 1 10.3518
234 202 18
150 3 10.5583
48 6 13.0976
171 5 12.4965
27 9 14.2391
128 3 10.5583
36 10 14.4917
28 4 11.6916
158 3 10.5583
81 7 13.5636
1 9 14.2391
145 7 13.5636
88 4 11.6916
165 5 12.4965
137 8 13.9355
66 6 13.0976
182 5 12.4965
144 6 13.0976
85 3 10.5583
244 387 1
139 2 10.6471
95 1389 1
223 1 10.3518
277 689 1
216 1 9.25316
467 177 3
77 8 12.6291
17 6 11.8697
65 8 12.6291
218 584 1
65 2 13.4626
135 450 1
65 2 14.1349
71 471 2
17 3 15.1022
65 3 15.1022
467 71 4
77 8 16.0626
156 5 14.404
17 6 15.0968
65 8 16.0626
115 1390 1
10 1 10.3518
821 585 1
65 4 16.9421
827 186 4
77 7 18.284
17 2 11.9215
149 11 19.8229
65 9 19.1947
1139 624 1
111 2 10.3521
31 487 1
50 2 12.8151
336 22 1
55 2 11.5055
31 1391 1
132 1 10.3518
346 141 1
187 10 12.8518
204 639 1
138 3 11.5412
1277 609 2
6 6 13.2661
108 3 10.6941
115 880 1
60 2 12.5008
585 237 3
201 3 12.6165
218 3 12.6165
141 3 12.6165
709 53 2
187 3 14.0172
60 23 21.1478
1392 374 1
220 1 9.25316
1084 1148 1
20 2 14.6353
108 867 1
12 3 13.2143
817 177 1
160 7 12.0096
207 382 1
131 1 10.3518
405 101 1
108 1 10.3518
656 1223 1
146 1 9.50449
444 1015 1
157 2 11.5055
355 63 4
150 2 12.2415
76 4 16.1836
66 3 14.6148
144 3 14.6148
276 413 4
97 3 10.9828
181 4 12.1618
51 2 9.19929
60 4 12.1618
596 286 1
229 3 11.1168
719 528 2
221 14 11.2407
28 12 11.0212
457 1007 1
15 1 9.50449
1029 1393 1
10 1 10.3518
31 449 1
90 2 10.106
249 151 1
226 2 11.367
278 30 1
216 1 8.61708
1394 1395 1
209 1 10.3518
996 48 1
112 3 10.487
38 202 14
11 3 13.0896
133 2 10.9639
198 3 13.0896
138 2 10.9639
191 4 14.4947
230 6 16.2377
190 3 13.0896
162 3 13.0896
92 5 15.4925
131 6 16.2377
67 2 10.9639
170 2 10.9639
195 2 10.9639
205 5 15.4925
1167 1396 1
9 1 9.84098
88 62 1
83 2 11.6582
848 1311 1
112 2 13.2142
128 518 1
1 3 16.0727
170 435 1
44 4 13.4369
502 695 1
107 1 10.3518
622 605 1
217 2 9.37963
546 171 11
53 5 13.1812
186 8 14.6991
168 11 15.5109
16 4 12.3323
127 3 11.1368
71 6 13.8152
134 5 13.1812
211 9 15.0193
8 5 13.1812
62 8 14.6991
159 7 14.3068
1278 452 1
208 7 21.6788
137 419 1
204 2 11.5055
1149 126 1
153 2 14.6353
11 126 1
204 2 12.2415
126 763 1
204 4 12.7523
247 1397 1
172 2 11.1235
97 452 1
9 6 17.9602
714 9 1
173 1 10.3518
349 77 1
173 2 11.4347
610 389 1
173 5 15.7989
447 459 1
173 3 16.8753
37 714 1
173 7 18.9651
990 689 1
210 1 9.84098
712 482 2
48 2 10.4923
171 2 10.4923
435 418 1
24 3 10.3919
108 1238 1
164 1 10.3518
103 276 1
164 1 10.3518
103 227 1
164 1 10.3518
848 552 1
79 2 11.9215
622 500 1
43 3 12.0653
413 2 7
6 4 13.2868
30 4 13.2868
227 2 10.0503
86 2 10.0503
108 3 11.9988
204 3 11.9988
33 3 11.9988
1144 434 2
43 4 11.028
61 4 11.028
252 97 1
82 2 11.5055
1398 1143 1
60 2 13.7611
943 1081 3
226 5 16.3629
91 3 13.825
57 2 11.5799
47 63 7
6 6 11.6247
52 6 11.6247
227 6 11.6247
86 4 10.3768
91 7 12.0383
125 5 11.0912
57 4 10.3768
30 22 1
90 1 9.84098
275 22 1
187 19 15.6774
1231 53 1
101 1 10.3518
237 813 1
218 2 14.1349
244 64 1
174 8 13.1721
263 1196 1
78 1 10.3518
173 22 1
55 2 11.9215
1139 1399 2
89 2 14.6353
68 2 14.6353
548 524 1
165 1 9.84098
11 517 2
207 2 11.1808
183 2 11.1808
618 383 1
15 1 9.25316
258 380 1
135 4 12.3323
331 1258 1
154 3 9.79053
38 436 1
67 1 10.3518
364 488 1
179 3 13.2801
551 145 1
44 10 15.8065
260 435 1
223 1 9.50449
145 525 3
177 5 15.2251
105 2 10.7747
44 9 17.3483
2 384 1
33 1 10.3518
433 770 3
79 4 13.8712
47 3 12.5265
8 2 10.4923
1111 1311 1
90 1 9.84098
31 40 2
181 3 15.522
107 2 13.0013
630 257 1
74 6 14.4458
597 518 2
104 3 14.9245
85 2 12.5008
956 1400 1
200 1 10.3518
1401 91 1
159 4 11.0629
40 746 1
159 3 11.3053
517 309 1
159 3 14.6148
639 994 1
38 2 11.3023
89 93 2
178 2 10.6884
43 3 12.7607
249 51 1
126 2 10.1638
250 574 1
104 3 10.6785
1185 584 1
49 1 10.3518
319 737 1
76 5 13.8471
13 22 13
197 5 13.0209
178 3 11.0014
56 4 12.1823
155 5 13.0209
160 8 14.5203
181 5 13.0209
175 11 15.3223
123 3 11.0014
208 6 13.6473
213 11 15.3223
43 3 11.0014
13 3 11.0014
51 3 11.0014
307 723 1
69 2 10.7309
258 505 1
107 2 10.255
257 328 1
60 7 15.2919
1402 1276 1
90 1 9.84098
253 90 1
228 2 10.5295
349 1211 1
5 2 11.3023
879 905 1
57 2 12.6497
278 283 1
42 2 9.64601
377 138 1
1 2 15.395
131 518 1
85 5 15.9707
17 131 1
82 12 10.7749
450 135 1
117 3 14.2328
1056 1403 1
220 1 10.3518
1404 473 3
39 2 13.0013
87 3 15.522
215 2 13.0013
726 1405 1
138 3 18.3798
64 214 1
167 4 9.96653
54 469 1
41 2 11.367
21 482 1
40 2 13.0013
434 751 1
40 2 13.0013
945 448 1
40 2 13.2142
91 331 1
41 4 13.8712
1286 1196 1
152 2 12.2415
1072 471 1
223 1 9.50449
217 174 1
152 4 13.8712
613 1286 1
152 2 14.1349
1344 553 1
206 2 10.8663
496 781 1
222 3 10.5583
484 48 1
151 2 10.456
438 1244 1
41 4 20.3528
165 560 2
156 2 14.6353
149 2 14.6353
288 563 1
13 2 10.1346
810 132 1
142 2 15.395
1307 960 1
72 2 10.224
478 184 1
169 1 9.84098
306 70 1
140 2 10.1638
1270 218 1
42 3 10.1565
334 770 1
16 2 8.6077
27 898 1
74 2 11.8285
2 529 1
86 2 9.91961
48 1406 1
79 3 10.7418
212 654 1
61 2 11.6582
213 349 1
202 2 11.4347
106 166 1
150 2 12.6497
422 922 1
72 2 9.73175
882 346 2
37 3 15.522
59 4 17.1882
974 63 1
84 2 12.5008
475 464 1
46 2 11.5799
434 136 1
122 2 14.6353
89 653 1
98 1 9.84098
451 585 1
98 5 10.171
1407 574 1
98 1 10.3518
651 475 1
98 1 10.3518
1310 167 1
98 2 10.456
1250 108 1
98 2 12.3655
473 332 2
32 4 15.8917
83 2 12.0207
1241 405 1
125 2 12.5008
1408 957 1
82 3 13.825
418 2 1
30 2 11.8285
1166 552 1
8 1 10.3518
741 677 1
10 3 10.7579
524 115 1
197 4 12.9249
1409 210 1
7 1 10.3518
420 570 1
122 2 10.8198
84 990 1
220 1 9.84098
1104 969 1
78 1 9.50449
218 560 1
49 5 14.5812
204 27 1
1 3 12.3196
390 348 1
178 6 15.4855
1022 317 22
184 3 12.5265
216 7 16.0921
42 2 10.4923
75 9 16.8936
98 3 12.5265
207 6 15.5392
183 9 16.8936
166 18 18.5065
210 7 16.0921
113 8 16.5333
24 4 13.8712
229 2 10.4923
200 11 17.4465
147 8 16.5333
89 18 18.5065
192 4 13.8712
172 7 16.0921
169 3 12.5265
68 13 17.851
135 2 10.4923
167 16 18.2882
2 4 13.8712
338 390 1
178 6 15.7684
1246 328 1
163 3 16.0727
1410 473 1
164 1 9.84098
1411 611 1
170 1 9.84098
517 1288 1
6 2 11.2403
512 110 1
6 2 12.0207
249 889 1
6 2 13.2142
1073 677 1
58 4 15.8917
249 881 1
6 2 13.7611
483 37 2
96 3 11.9348
10 2 9.99665
521 63 1
114 2 10.9639
412 184 1
167 2 9.75398
102 700 1
169 1 10.3518
727 491 1
17 1 10.3518
1412 581 1
17 1 10.3518
1413 467 1
17 1 10.3518
1133 163 1
17 1 10.3518
1149 1414 1
17 2 11.6582
113 447 3
173 6 19.2551
21 4 17.1882
91 2 13.0013
794 551 2
226 3 13.4195
125 4 14.8601
80 689 1
167 3 13.4195
1064 1094 1
127 2 13.4626
237 1415 1
218 2 12.5008
622 779 1
73 1 10.3518
517 1416 1
189 1 10.3518
673 62 2
154 2 11.1808
98 2 11.1808
69 259 1
59 1 9.84098
1008 909 2
110 3 16.0727
214 3 16.0727
160 458 2
119 15 10.6305
185 15 10.6305
1190 245 1
126 2 11.6582
1417 677 1
102 1 10.3518
967 244 1
101 2 12.3655
1152 965 1
195 2 12.0207
441 210 1
174 5 12.284
770 108 1
218 1 10.3518
940 1314 1
15 2 8.76081
160 552 1
127 3 15.522
1025 262 1
217 6 11.3214
304 184 1
89 3 12.7113
97 260 1
198 3 12.9175
395 276 2
181 2 12.0207
60 3 14.3512
1221 498 1
212 1 10.3518
296 1249 2
98 8 11.3295
113 7 11.0271
140 78 1
202 6 10.5315
26 690 1
101 1 10.3518
738 413 1
189 1 9.84098
742 1072 1
189 1 9.84098
569 215 1
189 2 10.255
217 481 1
189 1 10.3518
166 91 13
46 6 10.922
150 5 10.4208
99 14 12.6622
35 8 11.6207
142 7 11.3106
115 5 10.4208
222 5 10.4208
219 9 11.8739
158 5 10.4208
41 13 12.5469
1 18 13.0076
145 4 9.74959
85 8 11.6207
1418 877 1
189 1 10.3518
1419 595 1
189 1 10.3518
217 556 1
189 1 10.3518
307 1420 1
189 1 10.3518
1356 926 1
189 1 10.3518
217 1121 1
189 1 10.3518
217 802 1
189 3 12.8114
679 240 1
127 1 10.3518
1421 44 1
78 1 10.3518
210 262 1
203 2 9.91961
138 937 1
1 2 15.395
1422 677 1
154 3 12.1343
155 1007 2
119 3 15.7761
185 3 15.7761
585 387 1
106 2 12.8151
23 1213 1
186 4 9.86149
537 954 2
98 4 12.1823
172 4 12.1823
787 300 1
92 2 12.6497
8 111 1
196 2 10.4205
84 204 7
11 4 13.049
221 3 11.784
92 5 13.9473
120 3 11.784
170 5 13.9473
205 7 15.1383
40 5 13.9473
304 63 1
111 1 9.50449
764 261 1
111 1 9.84098
966 740 1
173 2 13.0013
464 664 1
150 1 10.3518
448 1423 1
127 2 10.3859
523 186 1
94 2 11.4347
198 1424 1
111 2 11.8285
166 1319 1
111 2 13.4626
207 248 1
94 2 13.4626
537 1118 1
199 1 9.84098
1016 435 1
8 4 12.224
1022 894 1
210 1 9.84098
119 349 1
93 2 11.9215
496 754 1
228 2 14.6353
965 1425 1
210 1 9.84098
608 689 1
210 1 10.3518
1426 260 1
210 1 10.3518
1427 194 1
210 1 10.3518
502 2 1
223 1 9.84098
51 544 1
193 2 9.62532
1250 167 2
98 2 11.9215
113 3 14.2328
317 276 1
193 1 10.3518
140 506 1
79 3 14.0172
273 310 1
204 2 11.5055
483 71 1
77 20 12.7895
457 1224 13
54 6 16.3925
164 7 16.9757
103 10 18.1373
117 16 19.2924
110 19 19.6213
39 11 18.4045
25 7 16.9757
87 12 18.6332
63 8 17.4411
215 11 18.4045
214 12 18.6332
83 11 18.4045
100 7 16.9757
349 247 1
204 2 11.8285
326 202 1
92 2 12.2415
91 166 1
219 2 12.127
1397 1300 2
39 2 12.8151
215 2 12.8151
154 317 1
180 3 12.3995
1428 502 1
209 2 11.9215
1221 63 1
231 2 14.6353
514 588 1
180 2 13.7611
115 476 2
140 2 11.0684
10 3 13.2143
600 551 1
91 2 12.5008
663 177 3
94 5 14.4907
157 3 12.2432
139 7 15.7281
1256 110 1
61 2 12.6497
1429 156 1
143 2 14.6353
1122 675 1
198 1 10.3518
1430 571 1
32 3 17.4728
286 202 1
72 2 10.9639
70 718 1
5 1 10.3518
395 552 2
47 7 17.2393
159 2 11.2403
596 238 1
133 1 8.88539
654 619 1
100 2 12.127
319 1166 1
107 1 10.3518
528 610 1
171 2 13.4626
423 22 3
97 2 10.456
126 2 10.456
51 2 10.456
70 366 1
23 3 11.5412
115 420 1
50 1 9.50449
111 623 1
31 1 10.3518
411 307 1
64 2 12.127
248 78 1
154 2 10.3521
607 253 1
31 1 9.84098
683 95 1
31 1 10.3518
803 1336 1
31 1 10.3518
778 258 1
179 3 17.4728
350 389 1
129 1 10.3518
346 1114 1
59 2 11.1235
464 141 1
231 5 16.2578
609 597 1
6 2 11.3023
41 336 1
160 3 12.3196
89 403 1
202 1 9.50449
1145 69 1
104 2 13.2142
1027 288 3
31 2 10.456
73 2 10.456
13 2 10.456
1267 732 1
202 1 9.50449
439 910 1
78 1 10.3518
712 445 2
95 3 13.825
195 2 11.5799
1350 177 1
32 5 14.3619
204 121 1
205 3 13.5708
44 599 3
217 3 11.5924
130 4 12.8367
51 2 9.70985
49 1431 1
206 2 10.7747
597 719 1
179 3 14.7629
520 1432 1
124 2 13.0013
813 594 1
124 3 14.6148
88 1433 1
108 1 10.3518
713 90 1
7 2 11.6582
575 439 1
36 5 17.473
260 68 2
230 3 14.1217
82 2 11.8285
203 639 1
38 2 11.7409
469 562 1
226 2 11.8285
15 269 1
9 2 10.3859
277 497 1
135 1 10.3518
103 177 14
54 8 15.2328
164 7 14.8263
103 10 15.8409
117 16 16.8497
110 19 17.1369
39 11 16.0742
32 9 15.5647
25 7 14.8263
87 12 16.2739
63 8 15.2328
215 11 16.0742
214 12 16.2739
83 11 16.0742
100 7 14.8263
975 1290 1
216 1 8.50583
260 469 1
11 2 11.0684
17 594 1
114 3 10.1335
260 18 4
138 2 11.3023
230 3 13.4936
190 3 13.4936
162 2 11.3023
54 508 1
203 1 9.25316
298 1434 1
203 1 9.50449
1104 217 1
210 1 9.50449
10 473 1
63 7 15.8264
1088 247 1
108 2 12.2415
23 769 1
148 2 13.2142
1435 855 1
109 2 13.4626
1084 830 1
227 1 9.84098
1084 220 1
84 2 12.6497
249 1436 1
140 1 10.3518
238 741 1
197 2 9.68826
484 145 2
106 5 11.6561
80 4 10.9053
1188 856 1
28 4 17.7981
140 258 1
204 10 14.5523
993 888 1
145 1 10.3518
132 166 16
46 6 11.7002
150 8 12.4487
188 13 13.4408
84 9 12.7199
70 12 13.2995
76 22 14.1806
111 4 10.4442
115 11 13.1363
27 8 12.4487
128 8 12.4487
20 8 12.4487
158 6 11.7002
165 5 11.1632
66 5 11.1632
144 5 11.1632
72 10 12.9456
389 1146 1
131 3 12.5265
295 584 6
163 12 20.6079
116 4 16.1836
156 3 14.6148
105 13 20.8269
224 2 12.2415
44 3 14.6148
204 449 2
170 3 11.6993
205 5 13.8471
478 413 1
110 3 13.5708
1413 367 1
183 3 11.9036
3 913 2
13 1 9.84098
130 2 14.6353
1310 446 1
42 1 10.3518
239 186 1
188 3 12.4832
1197 559 1
44 4 11.1588
685 379 1
42 1 10.3518
465 923 1
118 17 11.2178
940 18 1
146 6 11.0048
851 459 3
42 2 9.91961
202 5 14.0168
192 2 9.91961
1437 9 1
78 1 9.84098
2 542 1
109 2 11.4347
656 172 1
146 1 9.05246
551 211 1
12 2 15.395
144 265 1
4 1 9.84098
272 1132 1
141 1 10.3518
1116 262 2
208 3 11.9348
126 2 9.99665
1162 84 4
39 4 14.0226
32 5 14.9879
87 8 16.7138
215 4 14.0226
983 220 1
125 2 12.127
204 530 1
84 5 13.2538
505 844 1
141 2 10.8198
237 186 1
218 2 14.1349
63 307 1
14 2 11.7409
738 1438 1
196 1 10.3518
453 413 1
60 6 13.694
851 781 1
192 2 11.1235
738 1439 1
196 1 10.3518
244 789 1
196 2 10.3859
70 96 1
196 2 11.1235
1440 113 3
173 6 19.2551
21 4 17.1882
91 2 13.0013
203 174 1
49 4 12.698
1424 1441 1
111 3 10.3142
13 614 1
97 2 12.8151
1442 116 1
14 3 11.4671
1443 195 1
148 2 13.7611
48 321 2
79 4 12.9249
8 5 13.8147
843 661 1
9 1 9.84098
31 867 1
228 1 9.84098
1444 574 1
219 3 13.3485
297 336 1
228 2 10.0232
44 173 1
55 2 12.5008
1250 139 1
113 1 10.3518
754 445 1
107 2 10.0232
433 11 1
22 3 13.7362
468 606 1
205 2 14.6353
2 805 2
109 3 11.1774
30 6 13.8657
790 177 1
168 4 13.7305
248 1147 9
94 18 16.5749
106 15 16.2643
101 3 11.2191
157 13 15.9878
174 20 16.7347
139 19 16.6586
151 3 11.2191
124 9 15.1303
80 11 15.6255
272 316 1
38 3 12.9731
1139 935 1
229 8 11.4538
1162 87 1
100 2 11.4347
157 1027 1
47 4 15.4126
551 1364 1
163 5 15.2251
103 1445 2
117 4 18.1926
110 2 13.7611
420 904 1
31 1 9.50449
1030 1446 1
55 1 10.3518
1223 682 1
141 1 10.3518
656 1023 1
146 1 9.50449
441 37 1
146 4 9.94641
1085 177 1
171 4 12.5435
456 382 1
222 1 10.3518
28 498 1
30 6 18.9794
580 1144 1
7 1 10.3518
158 283 1
74 2 13.7611
435 327 1
34 1 9.25316
482 570 1
118 3 12.6165
278 526 1
147 1 9.84098
40 132 2
76 4 13.6858
72 2 10.3521
31 648 1
203 1 10.3518
474 1139 1
94 2 11.1235
121 207 1
214 3 13.7362
258 597 1
97 3 11.4193
419 77 1
38 6 14.0519
146 108 1
139 2 11.9215
158 1044 1
51 1 9.05246
1269 1447 1
116 1 10.3518
676 424 1
62 1 10.3518
743 632 1
216 1 8.50583
1143 1041 1
136 2 14.1349
225 1448 1
63 2 13.7611
1155 851 3
133 2 10.0503
92 3 11.9988
85 2 10.0503
630 1024 1
74 4 18.1926
91 68 1
49 3 13.3485
965 712 1
95 9 11.629
144 452 1
97 2 10.4923
135 163 2
163 2 13.0013
177 3 15.522
1449 303 1
151 1 10.3518
184 469 1
64 2 12.8151
610 656 2
155 5 12.021
146 3 10.1565
63 91 4
84 8 11.4944
114 5 10.3075
115 10 11.9532
81 9 11.7449
1450 945 1
8 1 10.3518
245 251 1
227 1 9.50449
637 330 1
208 4 14.0226
1451 547 1
227 1 10.3518
164 2 4
227 2 11.2403
0 3 13.4195
21 2 11.2403
45 2 11.2403
1098 1452 1
132 2 11.5055
246 434 9
6 4 13.3604
30 6 14.9671
227 3 12.0653
86 2 10.106
148 4 13.3604
122 14 17.3518
91 3 12.0653
125 5 14.2802
33 2 10.106
126 288 1
226 3 12.7607
1387 544 2
217 2 12.8151
51 2 12.8151
45 1453 1
62 1 9.84098
585 1281 1
62 1 10.3518
1454 746 1
159 3 12.2432
244 690 1
151 2 13.7611
584 741 1
116 3 18.3798
1455 479 1
147 1 10.3518
608 677 1
140 2 10.224
1213 475 1
229 2 9.70985
335 275 1
51 1 9.05246
1456 346 1
170 1 10.3518
743 88 1
184 1 6.87473
95 307 1
51 1 9.25316
139 320 1
127 1 10.3518
31 682 1
51 1 9.84098
1272 20 1
51 2 14.6353
169 608 1
120 1 10.3518
615 92 1
120 1 9.84098
397 1457 1
120 1 9.50449
253 1458 1
50 1 10.3518
542 71 1
42 1 9.84098
1459 1460 1
112 1 10.3518
429 1461 1
0 2 15.395
595 1275 2
150 2 10.6884
70 3 12.7607
287 306 1
150 2 11.7409
744 42 1
45 4 13.1474
2 1111 1
227 1 9.50449
1462 51 1
120 1 10.3518
257 516 1
19 2 15.395
237 635 1
22 2 13.7611
803 809 1
26 2 10.4205
360 840 1
152 2 12.8151
101 218 1
173 3 12.4409
388 336 1
139 2 12.6497
1054 1197 1
44 3 12.8637
17 3 1
137 8 13.86
425 848 1
79 2 11.4347
192 2 1
200 1 9.84098
131 234 1
137 8 15.2664
91 741 2
99 6 14.5826
27 3 11.7554
600 245 1
227 2 9.58479
61 1137 1
78 1 9.84098
1016 386 1
64 3 12.0653
310 310 1
121 2 10.255
537 1463 1
199 1 10.3518
307 735 1
217 2 11.1235
360 869 1
203 2 12.6497
503 277 1
85 2 10.5295
572 464 1
231 2 13.4626
606 177 1
205 3 17.4728
27 22 9
193 5 10.7864
155 9 12.2906
97 5 10.7864
143 5 10.7864
132 6 11.3053
73 6 11.3053
13 4 10.0917
50 3 9.11344
107 4 10.0917
483 532 1
75 3 11.2617
149 743 1
184 4 6.94314
111 1055 1
153 1 10.3518
198 327 1
122 3 13.1509
124 763 1
148 3 12.3591
770 848 1
103 6 13.4274
164 250 1
210 2 9.68826
971 532 1
8 1 10.3518
894 318 1
90 2 9.73175
827 177 2
77 12 13.7395
65 9 13.1408
11 483 1
77 4 14.0758
535 9 1
134 5 14.5355
917 436 1
191 2 14.1349
131 258 1
38 4 11.6916
257 924 1
151 2 11.2403
198 465 1
118 16 14.2392
814 465 1
143 4 15.8917
313 473 3
110 3 15.1022
39 2 12.6497
215 2 12.6497
249 42 1
10 2 10.8198
116 238 1
14 2 10.5295
736 876 1
17 1 10.3518
1464 867 1
8 1 10.3518
983 498 1
142 2 13.4626
479 131 1
162 2 11.5799
1357 1465 3
197 3 10.5294
193 3 10.5294
2 5 12.4624
537 483 1
196 2 12.2415
207 102 1
69 2 11.4347
1081 1139 1
111 2 10.1346
1327 1294 1
211 1 10.3518
940 1097 1
55 1 10.3518
740 436 1
92 2 13.2142
1226 378 1
34 1 9.84098
991 37 1
175 2 9.3623
503 800 1
170 1 10.3518
464 670 1
231 3 15.1022
371 532 3
113 4 13.4763
89 4 13.4763
68 4 13.4763
1286 415 1
33 2 10.8198
544 141 1
200 2 10.9143
1111 738 1
89 2 10.6068
740 1122 1
133 1 9.05246
2 646 1
161 2 13.0013
1029 570 1
31 3 10.8929
441 380 1
29 2 10.4923
306 336 1
96 6 11.4636
528 778 12
48 4 11.8248
171 4 11.8248
35 4 11.8248
179 4 11.8248
221 11 14.8726
27 5 12.6388
222 4 11.8248
28 12 15.0574
81 4 11.8248
59 4 11.8248
182 5 12.6388
7 5 12.6388
824 546 1
230 2 14.6353
1106 1212 1
206 1 10.3518
1191 689 1
68 1 10.3518
257 515 1
19 2 15.395
750 137 1
167 1 9.50449
317 980 1
167 1 9.50449
464 136 1
231 2 14.1349
137 1466 1
165 1 9.84098
218 589 1
102 2 9.73175
19 174 1
167 2 10.6471
483 413 1
141 3 12.8637
77 1467 1
24 2 10.8663
746 475 1
137 4 16.1836
394 84 1
221 2 12.8151
166 165 1
72 1 9.84098
526 18 1
191 3 16.4291
993 374 1
88 1 9.50449
943 1208 1
60 6 12.3032
1032 221 2
164 2 13.2142
25 3 15.7761
13 1123 1
50 2 13.2142
21 37 1
197 5 12.0767
1468 637 1
226 2 11.7409
764 1387 1
15 1 9.50449
770 300 1
12 2 12.6497
619 137 1
132 2 12.8151
913 44 3
217 3 11.784
130 4 13.049
51 2 9.87038
69 247 1
114 1 10.3518
1097 31 2
34 4 9.10429
55 8 10.8516
144 605 1
35 2 11.7409
258 131 1
38 3 11.0201
877 267 1
9 2 9.97052
283 31 1
9 1 10.3518
229 631 1
9 1 10.3518
754 906 1
106 2 11.1808
25 22 1
9 2 11.2403
589 97 1
9 2 12.2415
119 389 1
18 2 9.91961
714 257 1
173 4 17.1882
965 402 1
96 2 10.5677
1188 250 1
72 4 10.0281
794 1469 1
90 1 10.3518
633 319 1
229 1 9.50449
462 20 1
160 3 12.6165
349 91 1
229 9 9.70641
150 1072 1
229 1 10.3518
575 336 1
131 1 10.3518
1139 389 1
229 2 10.9639
713 172 1
229 3 11.3053
498 1470 1
5 1 10.3518
48 1236 1
229 6 19.9383
584 1471 1
44 2 15.395
574 229 1
177 2 13.7611
996 166 2
104 2 12.127
85 2 12.127
1114 786 1
200 1 10.3518
242 233 1
3 8 16.8424
66 804 1
45 1 10.3518
166 291 1
188 2 12.8151
1472 45 1
50 1 9.50449
1076 37 1
228 2 9.58479
1473 1474 1
68 1 10.3518
1147 1070 1
75 1 10.3518
186 1475 1
112 2 12.8151
1476 171 1
211 1 10.3518
136 971 1
62 1 9.84098
229 226 2
3 2 10.2867
149 5 14.5355
2 706 1
52 4 16.7233
307 386 1
64 2 14.6353
1405 563 1
138 3 15.2997
422 62 1
131 1 10.3518
272 126 1
69 2 11.8285
652 1477 1
172 1 10.3518
236 115 1
193 2 12.8151
818 685 1
96 2 8.95744
2 217 7
206 5 12.1778
121 13 14.6624
189 19 15.2776
78 14 14.7972
199 10 14.1221
4 17 15.1159
152 27 15.7005
740 97 1
95 2 13.2142
562 505 2
223 2 10.0232
226 5 14.1633
239 1478 1
7 1 10.3518
572 135 1
65 4 14.8601
771 431 2
119 3 12.6165
185 3 12.6165
1448 571 1
63 2 13.4626
613 267 1
212 1 9.84098
1479 452 1
212 1 9.84098
737 132 1
76 3 14.2328
462 1480 1
212 1 9.84098
1434 401 1
212 1 9.84098
